8
4
4
65.81802721088435 64.06632653061224 63.65816326530612 65.61734693877551 
64.65646258503402 63.144557823129254 62.6530612244898 64.36904761904762 
65.09863945578232 63.64795918367347 63.054421768707485 64.16836734693878 
66.48979591836735 64.71088435374149 63.9608843537415 64.74149659863946 
103.4980079681275 102.25179282868525 101.92191235059761 102.13386454183266 
103.16175298804781 101.92191235059761 101.5195219123506 101.7792828685259 
102.87171314741036 101.6812749003984 101.17848605577689 101.47569721115538 
103.27171314741035 102.27729083665339 101.73705179282868 102.0788844621514 
135.8774533269507 135.00909526089038 135.334131163236 135.84921014839637 
135.73240785064624 134.80086165629487 135.03685974150312 135.6218286261369 
135.63331737673528 134.9660124461465 135.11919578745812 135.4944949736716 
135.69554810914312 134.94399234083292 135.08664432742938 135.44662517951173 
156.90577799088948 156.78206665068328 156.8225845121074 156.82282426276672 
156.6698633421242 156.5195396787341 156.5228961879645 156.62407096619515 
156.72236873651403 156.54495324862143 156.47302805082714 156.55789978422442 
156.71062095420763 156.43922320786382 156.37784703907937 156.47566530807958 
172.23801289105486 172.33799717025624 172.38736047791227 172.1517057066499 
172.2625373368967 172.41125609180946 172.3656657758214 172.05235025939317 
172.186920295551 172.30954252476025 172.21223078132368 171.94576324477285 
172.04323219619556 172.07121521773306 172.03694387674895 171.88901116176703 
188.0252848013337 188.0677966101695 188.14031675465407 187.9566546262851 
187.98166157265908 188.10141706029452 188.16449013614894 187.94137260350098 
187.81911642122813 187.9297026951931 187.96332314531816 187.65545984995833 
187.465407057516 187.60933592664628 187.70686301750487 187.30814115031953 
211.39373007438894 211.64346439957492 211.72741764080766 211.15409139213602 
211.12008501594048 211.45483528161532 211.45749202975557 210.91604675876727 
210.60520722635493 210.9558979808714 210.98299681190224 210.37832093517534 
210.22954303931988 210.48140276301805 210.51965993623804 209.8251859723698 
232.10998043052837 232.16673189823874 232.10841487279845 231.76829745596868 
232.09432485322895 232.2133072407045 232.18982387475538 231.9549902152642 
231.86497064579257 232.0191780821918 232.0880626223092 231.92367906066536 
231.51780821917808 231.65205479452055 231.78512720156556 231.67123287671234 
150
150
7 7 7 7 7 7 7 7 7 7 7 7 7 7 7 7 7 7 7 7 7 7 7 7 7 7 7 7 7 7 7 7 7 7 7 7 7 7 7 7 7 7 7 7 7 7 7 7 7 7 7 7 7 7 7 7 7 7 7 7 7 7 7 7 7 7 7 7 7 7 7 7 7 7 7 7 7 7 7 7 7 7 7 7 7 7 7 7 7 7 7 7 7 7 7 7 7 7 7 7 7 7 7 7 7 7 7 7 7 7 7 7 7 7 7 7 7 7 7 7 7 7 7 7 7 7 7 7 7 7 7 7 7 7 7 7 7 7 6 6 6 6 6 6 6 6 6 6 6 6 
7 7 7 7 7 7 7 7 7 7 7 7 7 7 7 7 7 7 7 7 7 7 7 7 7 7 7 7 7 7 7 7 7 7 7 7 7 7 7 7 7 7 7 7 7 7 7 7 7 7 7 7 7 7 7 7 7 7 7 7 7 7 7 7 7 7 7 7 7 7 7 7 7 7 7 7 7 7 7 7 7 7 7 7 7 7 7 7 7 7 7 7 7 7 7 7 7 7 7 7 7 7 7 7 7 7 7 7 7 7 7 7 7 7 7 7 7 7 7 7 7 7 7 7 7 7 7 7 7 7 7 6 6 6 6 6 6 6 6 6 6 6 6 6 6 6 6 6 6 6 
7 7 7 7 7 7 7 7 7 7 7 7 7 7 7 7 7 7 7 7 7 7 7 7 7 7 7 7 7 7 7 7 7 7 7 7 7 7 7 7 7 7 7 7 7 7 7 7 7 7 7 7 7 7 7 7 7 7 7 7 7 7 7 7 7 7 7 7 7 7 7 7 7 7 7 7 7 7 7 7 7 7 7 7 7 7 7 7 7 7 7 7 7 7 7 7 7 7 7 7 7 7 7 7 7 7 7 7 7 7 7 7 7 7 7 7 7 7 7 7 7 7 7 7 7 7 7 7 6 6 6 6 6 6 6 6 6 6 6 6 6 6 6 6 6 6 6 6 6 6 
7 7 7 7 7 7 7 7 7 7 7 7 7 7 7 7 7 7 7 7 7 7 7 7 7 7 7 7 7 7 7 7 7 7 7 7 7 7 7 7 7 7 7 7 7 7 7 7 7 7 7 7 7 7 7 7 7 7 7 7 7 7 7 7 7 7 7 7 7 7 7 7 7 7 7 7 7 7 7 7 7 7 7 7 7 7 7 7 7 7 7 7 7 7 7 7 7 7 7 7 7 7 7 7 7 7 7 7 7 7 7 7 7 7 7 7 7 7 7 7 7 7 7 7 6 6 6 6 6 6 6 6 6 6 6 6 6 6 6 6 6 6 6 6 6 6 6 6 6 6 
7 7 7 7 7 7 7 7 7 7 7 7 7 7 7 7 7 7 7 7 7 7 7 7 7 7 7 7 7 7 7 7 7 7 7 7 7 7 7 7 7 7 7 7 7 7 7 7 7 7 7 7 7 7 7 7 7 7 7 7 7 7 7 7 7 7 7 7 7 7 7 7 7 7 7 7 7 7 7 7 7 7 7 7 7 7 7 7 7 7 7 7 7 7 7 7 7 7 7 7 7 7 7 7 7 7 7 7 7 7 7 7 7 7 7 7 7 7 7 7 6 6 6 6 6 6 6 6 6 6 6 6 6 6 6 6 6 6 6 6 6 6 6 6 6 6 6 6 6 5 
7 7 7 7 7 7 7 7 7 7 7 7 7 7 7 7 7 7 7 7 7 7 7 7 7 7 7 7 7 7 7 7 7 7 7 7 7 7 7 7 7 7 7 7 7 7 7 7 7 7 7 7 7 7 7 7 7 7 7 7 7 7 7 7 7 7 7 7 7 7 7 7 7 7 7 7 7 7 7 7 7 7 7 7 7 7 7 7 7 7 7 7 7 7 7 7 7 7 7 7 7 7 7 7 7 7 7 7 7 7 7 7 7 7 6 6 6 6 6 6 6 6 6 6 6 6 6 6 6 6 6 6 6 6 6 6 6 6 6 6 6 5 5 5 5 5 5 5 5 5 
7 7 7 7 7 7 7 7 7 7 7 7 7 7 7 7 7 7 7 7 7 7 7 7 7 7 7 7 7 7 7 7 7 7 7 7 7 7 7 7 7 7 7 7 7 7 7 7 7 7 7 7 7 7 7 7 7 7 7 7 7 7 7 7 7 7 7 7 7 7 7 7 7 7 7 7 7 7 7 7 7 7 7 7 7 7 7 7 7 7 7 7 7 7 7 7 7 7 7 7 7 7 7 7 7 7 7 7 6 6 6 6 6 6 6 6 6 6 6 6 6 6 6 6 6 6 6 6 6 6 6 6 6 6 6 6 5 5 5 5 5 5 5 5 5 5 5 5 5 5 
7 7 7 7 7 7 7 7 7 7 7 7 7 7 7 7 7 7 7 7 7 7 7 7 7 7 7 7 7 7 7 7 7 7 7 7 7 7 7 7 7 7 7 7 7 7 7 7 7 7 7 7 7 7 7 7 7 7 7 7 7 7 7 7 7 7 7 7 7 7 7 7 7 7 7 7 7 7 7 7 7 7 7 7 7 7 7 7 7 7 7 7 7 7 7 7 7 7 7 7 6 6 6 6 6 6 6 6 6 6 6 6 6 6 6 6 6 6 6 6 6 6 6 6 6 6 6 6 5 5 5 5 5 5 5 5 5 5 5 5 5 5 5 5 5 5 5 5 5 5 
7 7 7 7 7 7 6 6 6 6 7 7 7 7 7 7 7 7 6 6 6 6 6 6 6 6 6 6 6 6 7 7 6 6 6 6 6 6 6 6 6 6 6 6 6 6 7 7 7 7 7 7 7 7 7 7 7 7 7 7 7 7 7 7 7 7 7 7 7 7 7 7 7 7 7 7 7 7 7 7 7 7 7 7 7 7 6 6 6 6 6 6 6 6 6 6 6 6 6 6 6 6 6 6 6 6 6 6 6 6 6 6 6 6 6 6 6 6 6 6 6 6 6 6 6 5 5 5 5 5 5 5 5 5 5 5 5 5 5 5 5 5 5 5 5 5 4 4 4 4 
6 6 6 6 6 6 6 6 6 6 6 6 6 6 6 6 6 6 6 6 6 6 6 6 6 6 6 6 6 6 6 6 6 6 6 6 6 6 6 6 6 6 6 6 6 6 6 6 6 6 6 6 6 6 6 6 6 6 6 6 6 6 6 6 6 6 6 6 6 6 6 6 6 6 6 6 6 6 6 6 6 6 6 6 6 6 6 6 6 6 6 6 6 6 6 6 6 6 6 6 6 6 6 6 6 6 6 6 6 6 6 6 6 6 6 6 6 6 6 6 5 5 5 5 5 5 5 5 5 5 5 5 5 5 5 5 5 5 5 4 4 4 4 4 4 4 4 4 4 4 
6 6 6 6 6 6 6 6 6 6 6 6 6 6 6 6 6 6 6 6 6 6 6 6 6 6 6 6 6 6 6 6 6 6 6 6 6 6 6 6 6 6 6 6 6 6 6 6 6 6 6 6 6 6 6 6 6 6 6 6 6 6 6 6 6 6 6 6 6 6 6 6 6 6 6 6 6 6 6 6 6 6 6 6 6 6 6 6 6 6 6 6 6 6 6 6 6 6 6 6 6 6 6 6 6 6 6 6 6 6 6 6 6 6 5 5 5 5 5 5 5 5 5 5 5 5 5 5 5 5 5 5 5 5 5 5 5 4 4 4 4 4 4 4 4 4 4 4 4 4 
6 6 6 6 6 6 6 6 6 6 6 6 6 6 6 6 6 6 6 6 6 6 6 6 6 6 6 6 6 6 6 6 6 6 6 6 6 6 6 6 6 6 6 6 6 6 6 6 6 6 6 6 6 6 6 6 6 6 6 6 6 6 6 6 6 6 6 6 6 6 6 6 6 6 6 6 6 6 6 6 6 6 6 6 6 6 6 6 6 6 6 6 6 6 6 6 6 6 6 6 6 6 6 6 6 6 5 5 5 5 5 5 5 5 5 5 5 5 5 5 5 5 5 5 5 5 5 5 5 4 4 4 4 4 4 4 4 4 4 4 4 4 3 3 3 3 3 3 3 3 
6 6 6 6 6 6 6 6 6 6 6 6 6 6 6 6 6 6 6 6 6 6 6 6 6 6 6 6 6 6 6 6 6 6 6 6 6 6 6 6 6 6 6 6 6 6 6 6 6 6 6 6 6 6 6 6 6 6 6 6 6 6 6 6 6 6 6 6 6 6 6 6 6 6 6 6 6 6 6 6 6 6 6 6 6 6 6 6 6 6 6 6 6 6 6 6 6 6 5 5 5 5 5 5 5 5 5 5 5 5 5 5 5 5 5 5 5 5 5 5 5 5 5 5 4 4 4 4 4 4 4 4 4 4 4 4 4 4 4 3 3 3 3 3 3 3 3 3 3 3 
6 6 6 6 6 6 6 6 6 6 6 6 6 6 6 6 6 6 6 6 6 6 6 6 6 6 5 5 5 5 5 5 6 6 5 5 5 5 5 5 5 5 5 5 5 5 6 6 6 6 6 6 6 6 6 6 6 6 6 6 6 6 6 6 6 6 6 6 6 6 6 6 6 6 6 6 6 6 6 6 6 6 6 6 6 6 5 5 6 6 5 5 5 5 5 5 5 5 5 5 5 5 5 5 5 5 5 5 5 5 5 5 5 5 5 5 5 5 5 4 4 4 4 4 4 4 4 4 4 4 4 4 4 4 4 3 3 3 3 3 3 3 3 3 3 3 3 3 3 3 
5 5 5 5 5 5 5 5 5 5 5 5 5 5 5 5 5 5 5 5 5 5 5 5 5 5 5 5 5 5 5 5 5 5 5 5 5 5 5 5 5 5 5 5 5 5 5 5 5 5 5 5 5 5 5 5 5 5 5 5 5 5 5 5 5 5 5 5 5 5 5 5 5 5 5 5 5 5 5 5 5 5 5 5 5 5 5 5 5 5 5 5 5 5 5 5 5 5 5 5 5 5 5 5 5 5 5 5 5 5 4 4 4 4 4 4 4 4 4 4 4 4 4 4 4 4 4 4 4 4 4 4 4 3 3 3 3 3 3 3 3 3 3 3 3 3 3 2 2 2 
5 5 5 5 5 5 5 5 5 5 5 5 5 5 5 5 5 5 5 5 5 5 5 5 5 5 5 5 5 5 5 5 5 5 5 5 5 5 5 5 5 5 5 5 5 5 5 5 5 5 5 5 5 5 5 5 5 5 5 5 5 5 5 5 5 5 5 5 5 5 5 5 5 5 5 5 5 5 5 5 5 5 5 5 5 5 5 5 5 5 5 5 5 5 5 5 5 5 5 5 5 5 4 4 4 4 4 4 4 4 4 4 4 4 4 4 4 4 4 4 4 4 4 4 4 4 4 4 4 3 3 3 3 3 3 3 3 3 3 3 3 3 3 2 2 2 2 2 2 2 
5 5 5 5 5 5 5 5 5 5 5 5 5 5 5 5 5 5 5 5 5 5 5 5 5 5 5 5 5 5 5 5 5 5 5 5 5 5 5 5 5 5 5 5 5 5 5 5 5 5 5 5 5 5 5 5 5 5 5 5 5 5 5 5 5 5 5 5 5 5 5 5 5 5 5 5 5 5 5 5 5 5 5 5 5 5 5 5 5 5 5 5 4 4 4 4 4 4 4 4 4 4 4 4 4 4 4 4 4 4 4 4 3 3 3 3 3 3 3 4 3 3 3 3 3 3 3 3 3 3 3 3 3 3 3 3 3 3 3 3 2 2 2 2 2 2 2 2 2 2 
5 5 5 5 5 5 4 4 5 5 4 5 4 4 4 4 4 4 4 4 4 4 4 4 4 4 4 4 4 4 4 4 4 4 4 4 4 4 4 4 4 4 4 4 4 4 4 4 4 4 4 4 4 4 4 4 4 4 4 4 4 4 4 4 5 5 5 5 4 4 4 4 4 4 4 4 4 4 4 4 4 4 4 4 4 4 4 4 4 4 4 4 4 4 4 4 4 4 4 4 4 4 3 3 3 3 3 3 3 3 3 3 3 3 3 3 3 3 3 3 3 3 3 3 3 3 3 3 3 3 3 3 3 3 3 3 3 2 2 2 2 2 2 2 2 2 2 2 2 2 
4 4 4 4 4 4 4 4 4 4 4 4 4 4 4 4 4 4 4 4 4 4 4 4 4 4 4 4 4 4 4 4 4 4 4 4 4 4 4 4 4 4 4 4 4 4 4 4 4 4 4 4 4 4 4 4 4 4 4 4 4 4 4 4 4 4 4 4 4 4 4 4 4 4 4 4 4 4 4 4 4 4 4 4 4 4 4 4 4 4 4 4 4 4 4 4 4 3 3 3 3 3 3 3 3 3 3 3 3 3 3 3 3 3 3 3 3 3 3 3 3 3 3 3 3 3 3 3 3 3 3 3 3 3 2 2 2 2 2 2 2 2 2 2 2 2 2 2 2 1 
4 4 4 4 4 4 4 4 4 4 4 4 4 4 4 4 4 4 4 4 4 4 4 4 3 3 3 3 3 3 3 3 3 3 3 3 3 3 3 3 3 3 3 3 3 3 3 3 3 3 3 3 4 4 4 4 4 4 4 4 4 4 4 4 4 4 4 4 4 4 4 4 4 4 3 3 3 3 3 3 3 3 3 3 4 3 3 3 3 3 3 3 3 3 3 3 3 3 3 3 3 3 3 3 3 3 3 3 3 3 3 3 2 2 2 3 2 3 3 3 3 3 3 3 3 3 3 3 3 3 2 2 2 2 2 2 2 2 2 2 2 2 2 2 2 2 2 1 1 1 
3 3 3 3 3 3 3 3 3 3 3 3 3 3 3 3 3 3 3 3 3 3 3 3 3 3 3 3 3 3 3 3 3 3 3 3 3 3 3 3 3 3 3 3 3 3 3 3 3 3 3 3 3 3 3 3 3 3 3 3 3 3 3 3 3 3 3 3 3 3 3 3 3 3 3 3 3 3 3 3 3 3 3 3 3 3 3 3 3 3 3 3 3 3 3 3 3 3 3 3 3 3 3 3 3 3 2 2 2 2 2 2 2 2 2 2 2 2 2 2 2 2 2 2 2 2 2 2 2 2 2 2 2 2 2 2 2 2 2 2 2 2 2 2 2 1 1 1 1 1 
3 3 3 3 3 3 3 3 3 3 3 3 3 3 3 3 3 3 3 3 3 3 3 3 3 3 3 2 3 3 3 3 3 3 3 3 3 3 3 3 3 3 3 3 3 3 3 3 3 3 3 3 3 3 3 3 3 3 3 3 3 3 3 3 3 3 3 3 3 3 3 3 3 3 3 3 3 3 3 3 3 3 3 3 3 3 3 3 3 3 3 3 3 3 3 3 3 3 3 3 2 2 2 2 2 2 2 2 2 2 2 2 2 2 2 2 2 2 2 2 2 2 2 2 2 2 2 2 2 2 2 2 2 2 2 2 2 2 2 2 2 2 2 1 1 1 1 1 1 1 
3 3 3 3 3 3 3 3 3 3 3 3 3 3 3 3 3 3 3 3 3 3 3 3 2 2 2 2 2 2 2 2 2 2 2 2 2 2 2 2 2 2 2 2 2 2 2 3 3 3 3 3 3 3 3 3 3 3 3 3 3 3 3 3 3 3 3 3 3 3 3 3 3 3 3 3 3 3 3 3 3 3 3 3 3 3 3 3 3 3 3 3 3 3 3 2 2 2 2 2 2 2 2 2 2 2 2 2 2 2 2 2 2 2 2 2 2 2 2 2 2 2 2 2 2 2 2 2 2 2 2 2 2 2 2 2 2 2 2 2 2 1 1 1 1 1 1 1 1 1 
3 3 3 3 3 3 3 3 3 3 3 3 2 2 2 2 2 2 2 2 2 2 2 2 2 2 2 2 2 2 2 2 2 2 2 2 2 2 2 2 2 2 2 2 2 2 2 2 3 3 3 3 3 3 3 3 3 3 3 3 3 3 3 3 3 3 3 3 3 3 3 3 3 3 3 3 3 3 3 3 3 3 3 3 3 3 3 3 3 3 3 3 3 2 2 2 2 2 2 2 2 2 2 2 2 2 2 2 2 2 2 2 2 2 2 2 2 2 2 2 2 2 2 2 2 2 2 2 2 2 2 2 2 2 2 2 2 2 2 1 1 1 1 1 1 1 1 1 1 1 
3 3 3 3 3 3 3 3 3 3 2 2 2 2 2 2 2 2 2 2 2 2 2 2 2 2 2 2 2 2 2 2 2 2 2 2 2 2 2 2 2 2 2 2 2 2 2 3 3 3 3 3 3 3 3 3 3 3 3 3 3 3 3 3 3 3 3 3 3 3 3 3 3 3 3 3 3 3 3 3 3 3 3 3 3 3 3 3 3 3 3 3 3 3 3 3 3 3 3 2 2 2 2 2 2 2 2 2 2 2 2 2 2 2 2 2 2 2 2 2 2 2 2 2 2 2 2 2 2 2 2 2 2 2 2 2 2 1 1 1 1 1 1 1 1 1 1 1 1 1 
2 2 2 2 2 2 3 3 2 2 2 2 2 2 2 2 2 2 2 2 2 2 2 2 2 2 2 2 2 2 2 2 3 3 3 3 3 3 2 2 2 2 3 3 3 3 3 3 3 3 3 3 3 3 3 3 3 3 3 3 3 3 3 3 3 3 3 3 3 3 3 3 3 3 3 3 3 3 3 3 3 3 3 3 3 3 3 3 3 3 3 3 3 3 3 3 3 3 3 2 2 2 2 2 2 2 2 2 2 2 2 2 2 2 2 2 2 2 2 2 2 2 2 2 2 2 2 2 2 2 2 2 2 2 1 1 1 1 1 1 1 1 1 1 1 1 1 1 1 1 
2 2 2 3 3 3 3 3 3 3 3 3 2 2 2 2 2 2 2 2 2 2 2 3 2 2 3 3 2 3 3 3 3 3 3 3 3 3 3 3 3 3 3 3 3 3 3 3 3 3 3 3 3 3 3 3 3 3 3 3 3 3 3 3 3 3 3 3 3 3 3 3 3 3 3 3 3 3 3 3 3 3 3 3 3 3 3 3 3 3 3 3 3 3 3 3 3 3 3 2 2 2 2 2 2 2 2 2 2 2 2 2 2 2 2 2 2 2 2 2 2 2 2 2 2 2 2 2 2 2 2 2 1 1 1 1 1 1 1 1 1 1 1 1 1 1 1 1 1 1 
3 3 3 3 3 3 3 3 3 3 3 3 3 3 3 3 3 3 3 3 3 3 3 3 3 3 3 3 3 3 3 3 3 3 3 3 3 3 3 3 3 3 3 3 3 3 3 3 3 3 3 3 3 3 3 4 4 4 4 4 4 4 4 4 4 4 4 4 3 3 3 3 4 4 3 3 3 3 3 3 3 3 3 3 3 3 3 3 3 3 3 3 3 3 3 3 3 3 2 2 2 2 2 2 2 2 2 2 2 2 2 2 2 2 2 2 2 2 2 2 2 2 2 2 2 2 2 2 1 1 1 1 1 1 1 1 1 1 1 1 1 1 1 1 1 1 1 1 0 0 
3 3 3 3 3 3 3 3 3 3 3 3 3 3 3 3 3 3 3 3 3 3 3 3 3 3 3 3 3 3 3 3 3 3 3 3 3 3 3 3 3 3 3 3 3 3 3 3 4 4 4 4 3 4 4 4 4 4 4 4 4 4 4 4 4 4 4 4 4 4 4 4 4 4 4 4 4 4 4 4 3 3 3 3 3 3 3 3 3 3 3 3 3 3 3 3 3 3 3 3 2 2 2 2 2 2 2 2 2 2 2 2 2 2 2 2 2 2 2 2 2 2 2 2 1 1 1 1 1 1 1 1 1 1 1 1 1 1 1 1 1 1 1 1 1 1 1 0 0 0 
3 3 3 3 3 3 3 3 3 3 3 3 3 3 3 3 3 3 3 3 3 3 3 3 3 3 3 3 3 3 3 3 3 3 3 3 3 3 3 3 3 3 3 3 3 3 4 4 4 4 4 4 4 4 4 4 4 4 4 4 4 4 4 4 5 6 6 6 7 7 7 7 7 7 7 7 7 6 6 4 4 4 4 3 4 3 4 3 3 3 3 3 3 3 3 3 3 3 3 3 2 2 2 2 2 2 2 2 2 2 2 2 2 2 2 2 1 1 1 1 1 1 1 1 1 1 1 1 1 1 1 1 1 1 1 1 1 1 1 1 1 1 1 1 1 0 0 0 0 0 
3 3 3 3 3 3 3 3 3 3 3 3 3 3 3 3 3 3 3 3 3 3 3 3 3 3 3 3 3 3 3 3 3 3 3 3 3 3 3 3 3 3 3 4 4 4 4 4 4 4 4 4 4 4 4 4 5 4 4 4 4 5 6 7 7 7 7 7 7 7 7 7 7 7 7 7 7 7 7 7 7 6 5 5 4 5 6 5 5 3 3 3 3 3 3 3 3 3 3 3 2 2 2 2 2 2 2 2 2 2 2 2 2 1 1 1 1 1 1 1 1 1 1 1 1 1 1 1 1 1 1 1 1 1 1 1 1 1 1 1 0 0 0 0 0 0 0 0 0 0 
3 3 3 3 3 3 3 3 3 3 3 3 3 3 3 3 3 3 3 3 3 3 3 3 3 3 3 3 3 3 3 3 3 4 4 4 4 4 4 4 4 4 4 4 4 4 4 4 4 4 4 4 5 5 5 5 6 5 5 5 5 7 7 7 7 7 7 7 7 7 7 7 7 7 7 7 7 7 7 7 7 7 7 7 7 7 7 7 7 5 4 3 3 3 3 3 3 2 2 2 2 2 2 2 2 2 2 2 2 2 1 1 1 1 1 1 1 1 1 1 1 1 1 1 1 1 1 1 1 1 1 1 1 1 1 1 0 0 0 0 0 0 0 0 0 0 0 0 0 0 
3 3 3 3 3 3 3 3 3 3 3 3 3 3 3 3 3 3 3 3 3 3 3 3 3 3 3 3 3 4 4 4 4 4 4 4 4 4 4 4 4 4 4 4 4 4 4 4 5 5 5 5 5 5 7 7 7 7 7 7 7 7 7 7 7 7 7 7 7 7 7 7 7 7 7 7 7 7 7 7 7 7 7 7 7 7 7 7 7 7 6 4 3 3 3 3 3 3 2 2 2 2 2 2 2 2 2 2 2 1 1 1 1 1 1 1 1 1 1 1 1 1 1 1 1 1 1 1 1 1 1 1 1 1 1 1 0 0 0 0 0 0 0 0 0 0 0 0 0 0 
3 3 3 3 3 3 3 3 3 3 3 3 3 3 3 3 3 3 3 3 3 3 3 3 3 3 4 4 4 4 4 4 4 4 4 4 4 4 4 4 4 4 4 4 4 5 5 5 5 5 5 5 6 6 7 7 7 7 7 7 7 7 7 7 7 7 7 7 7 7 7 7 7 7 7 7 7 7 7 7 7 7 7 7 7 7 7 7 7 7 7 7 4 3 3 3 3 2 2 2 2 2 2 2 2 2 2 2 1 1 1 1 1 1 1 1 1 1 1 1 1 1 1 1 1 1 1 1 1 1 1 1 1 0 0 0 0 0 0 0 0 0 0 0 0 0 0 0 0 0 
4 4 4 4 4 4 4 4 4 4 4 4 4 4 4 4 4 4 4 4 4 4 4 4 4 4 4 4 4 4 4 4 4 4 4 4 4 4 4 4 4 5 5 5 5 5 5 5 5 5 5 5 6 7 7 7 7 7 7 7 7 7 7 7 7 7 7 7 7 7 7 7 7 7 7 7 7 7 7 7 7 7 7 7 7 7 7 7 7 7 7 7 6 3 3 3 3 2 2 2 2 2 2 2 2 2 1 1 1 1 1 1 1 1 1 1 1 1 1 1 1 1 1 1 1 1 1 1 1 1 1 1 0 0 0 0 0 0 0 0 0 0 0 0 0 0 0 0 0 0 
4 4 4 4 4 4 4 4 4 4 4 4 4 4 4 4 4 4 4 4 4 4 4 4 4 4 4 4 4 4 4 4 4 4 4 4 4 4 5 5 5 5 5 5 5 5 5 5 5 5 6 7 7 7 6 7 7 7 7 7 7 7 7 7 7 7 7 7 7 7 7 7 7 7 7 7 7 7 7 7 7 7 7 7 7 7 7 7 7 7 7 7 7 7 5 3 2 2 2 2 2 2 2 2 1 1 1 1 1 1 1 1 1 1 1 1 1 1 1 1 1 1 1 1 1 1 1 1 1 1 0 0 0 0 0 0 0 0 0 0 0 0 0 0 0 0 0 0 0 0 
4 4 4 4 4 4 4 4 4 4 4 4 4 4 4 4 4 4 4 4 4 4 4 4 4 4 4 4 4 4 4 4 4 4 4 5 5 5 5 5 5 5 5 5 5 5 5 5 6 7 7 6 6 7 6 7 7 7 6 6 6 6 7 7 7 7 7 7 7 7 7 7 7 7 7 7 7 7 7 7 7 7 7 7 7 7 7 7 7 7 7 7 7 7 7 6 5 5 5 4 2 2 2 2 1 1 1 1 1 1 1 1 1 1 1 1 1 1 1 1 1 1 1 1 1 1 1 1 0 0 0 0 0 0 0 0 0 0 0 0 0 0 0 0 0 0 0 0 0 0 
4 4 4 4 4 4 4 4 4 4 4 4 4 4 4 4 4 4 4 4 4 4 4 4 4 4 4 4 4 4 4 4 4 5 5 5 5 5 5 5 5 5 5 5 5 5 5 6 6 6 6 6 6 6 7 7 7 6 6 6 6 6 6 6 7 7 7 7 7 7 7 7 7 7 7 7 7 7 7 7 7 7 7 7 7 7 7 7 7 7 7 7 7 7 7 7 7 7 7 6 4 2 2 2 1 1 1 1 1 1 1 1 1 1 1 1 1 1 1 1 1 1 1 1 1 1 1 1 0 0 0 0 0 0 0 0 0 0 0 0 0 0 0 0 0 0 0 0 0 0 
4 4 4 4 4 4 4 4 4 4 4 4 4 4 4 4 4 4 4 4 4 4 4 4 4 4 4 4 4 4 4 4 5 5 5 5 5 5 5 5 5 5 5 5 5 6 7 6 6 6 6 6 6 6 6 6 6 6 6 6 6 6 6 6 6 7 7 7 7 7 7 7 7 7 7 7 7 7 7 7 7 7 7 7 7 7 7 7 7 7 7 7 7 7 7 7 7 7 7 7 6 4 2 2 1 1 1 1 1 1 1 1 1 1 1 1 1 1 1 1 1 1 1 1 1 1 1 1 0 0 0 0 0 0 0 0 0 0 0 0 0 0 0 0 0 0 0 0 0 0 
4 4 4 4 4 4 4 4 4 4 4 4 4 4 4 4 4 4 4 4 4 4 4 4 4 4 4 4 4 4 4 4 5 5 5 5 5 5 5 5 5 5 6 6 6 7 6 6 5 5 5 5 6 6 6 5 5 5 6 6 6 5 6 6 6 7 7 7 7 7 7 7 7 7 7 7 7 7 7 7 7 7 7 7 7 7 7 7 7 7 7 7 7 6 7 7 7 7 7 7 6 4 2 2 1 1 1 1 1 1 1 1 1 1 1 1 1 1 1 1 1 1 1 1 1 1 1 1 1 1 0 0 0 0 0 0 0 0 0 0 0 0 0 0 0 0 0 0 0 0 
4 4 4 4 4 4 4 4 4 4 4 4 4 4 4 4 4 4 4 4 4 4 4 4 4 4 4 4 4 4 4 4 5 5 5 5 5 5 5 5 5 6 6 6 6 6 6 5 5 5 4 5 6 6 6 5 4 5 5 5 5 5 6 7 7 7 7 7 7 7 7 7 7 7 7 7 7 7 7 7 7 7 7 7 7 7 7 7 6 6 7 7 7 7 6 6 7 6 6 7 7 6 3 2 1 1 1 1 1 1 1 1 1 1 1 1 1 1 1 1 1 1 1 1 1 1 1 1 1 1 1 0 0 0 0 0 0 0 0 0 0 0 0 0 0 0 0 0 0 0 
4 4 4 4 4 4 4 4 4 4 4 4 4 4 4 4 4 4 4 4 4 4 4 4 4 4 4 4 4 4 4 4 5 5 5 5 5 5 5 5 6 6 6 5 5 4 4 5 4 4 4 5 5 4 4 3 4 5 5 5 6 6 7 7 6 6 7 7 7 7 7 7 7 7 7 7 7 7 7 7 7 7 7 7 7 7 7 7 7 6 6 7 7 7 6 6 6 6 5 6 6 6 5 2 1 1 1 1 1 1 1 1 1 1 1 1 1 1 1 1 1 1 1 1 1 1 1 1 1 1 1 1 0 0 0 0 0 0 0 0 0 0 0 0 0 0 0 0 0 0 
4 4 4 4 4 4 4 4 4 4 4 4 4 4 4 4 4 4 4 4 4 4 4 4 4 4 4 4 4 4 4 4 5 5 5 5 5 5 5 5 6 6 5 4 3 4 5 4 4 4 5 5 5 5 6 4 4 5 5 6 6 7 7 6 5 5 6 7 7 7 7 7 7 7 7 7 7 7 7 7 7 6 7 7 7 7 7 7 7 6 6 7 7 7 6 6 6 6 5 6 6 6 3 2 2 1 1 1 1 1 1 1 1 1 1 1 1 1 1 1 1 1 1 1 1 1 1 1 1 1 1 1 1 1 0 0 0 0 0 0 0 0 0 0 0 0 0 0 0 0 
4 4 4 4 4 4 4 4 4 4 4 4 4 4 4 4 4 4 4 4 4 4 4 4 4 4 4 4 4 4 4 4 5 5 5 5 5 5 5 6 5 5 5 3 3 4 4 4 4 4 4 5 5 6 5 3 5 5 5 6 6 7 6 6 4 4 5 6 7 7 7 7 7 7 7 7 7 7 7 6 6 5 5 6 7 7 7 7 7 7 6 7 7 6 7 6 6 6 6 6 6 6 3 2 2 1 1 1 1 1 1 1 1 1 1 1 1 1 1 1 1 1 1 1 1 1 1 1 1 1 1 1 1 1 1 1 1 1 0 0 0 0 0 0 0 0 0 0 0 0 
4 4 4 4 4 4 4 4 4 4 4 4 4 4 4 4 4 4 4 4 4 4 4 4 4 4 4 4 4 4 4 4 5 5 5 5 5 5 5 5 5 5 4 4 5 4 3 3 4 4 4 5 5 5 3 3 5 5 5 6 6 6 5 4 2 2 3 5 6 7 7 7 7 7 7 7 7 7 7 6 4 2 1 3 5 7 7 7 7 6 6 7 7 7 7 6 6 6 6 6 6 6 5 2 2 2 1 1 1 1 1 1 1 1 1 1 1 1 1 1 1 1 1 1 1 1 1 1 1 1 1 1 1 1 1 1 1 1 1 1 0 0 0 0 0 0 0 0 0 0 
4 4 4 4 4 4 4 4 4 4 4 4 4 4 4 4 4 4 4 4 4 4 4 4 4 4 4 4 4 4 4 4 5 5 5 5 5 5 5 5 5 4 4 5 5 3 3 4 4 5 5 5 5 5 2 4 5 5 6 6 5 5 4 1 0 1 2 4 6 7 7 7 7 7 7 7 7 7 7 6 3 0 0 0 0 6 7 7 7 7 5 6 7 7 6 6 6 6 6 5 6 6 5 2 2 2 2 2 1 1 1 1 1 1 1 1 1 1 1 1 1 1 1 1 1 1 1 1 1 1 1 1 1 1 1 1 1 1 1 1 1 1 1 1 1 1 1 1 0 0 
4 4 4 4 4 4 4 4 4 4 4 4 4 4 4 4 4 4 4 4 4 4 4 4 4 4 4 4 4 4 4 4 5 5 5 5 5 5 5 5 4 3 4 4 4 4 3 4 5 5 5 5 6 3 2 5 5 5 5 5 5 3 0 0 0 0 1 5 7 7 7 7 7 7 7 7 7 7 7 7 5 0 0 0 0 1 6 6 7 6 3 6 7 7 6 6 6 5 5 5 5 6 5 2 2 2 2 2 2 2 2 2 2 2 2 2 2 2 2 2 2 2 2 2 1 1 1 1 1 1 1 1 1 1 1 1 1 1 1 1 1 1 1 1 1 1 1 1 1 1 
4 4 4 4 4 4 4 4 4 4 4 4 4 4 4 4 4 4 4 4 4 4 4 4 4 4 4 4 4 4 4 4 5 5 5 5 5 5 6 5 4 4 3 4 4 4 4 4 5 5 5 6 4 3 2 4 5 5 5 4 4 0 0 0 0 0 1 6 7 7 7 7 7 7 7 7 7 7 7 7 7 2 0 0 0 2 6 5 6 6 2 4 6 7 6 6 5 5 5 5 6 6 5 2 2 2 2 2 2 2 2 2 2 2 2 2 2 2 2 2 2 2 2 2 2 2 2 2 2 2 2 1 1 1 1 1 1 1 1 1 1 1 1 1 1 1 1 1 1 1 
4 4 4 4 4 4 4 4 4 4 4 4 4 4 4 4 4 4 4 4 4 4 4 4 4 4 4 4 4 4 4 4 5 5 5 5 5 5 6 5 4 3 3 3 3 3 3 4 5 5 5 5 4 2 2 3 4 5 4 3 1 0 0 0 0 1 5 7 7 7 7 7 7 7 7 7 7 7 7 7 7 7 4 2 3 6 7 6 6 6 1 2 5 7 6 6 5 6 6 5 6 5 4 2 2 2 2 2 2 2 2 2 2 2 2 2 2 2 2 2 2 2 2 2 2 2 2 2 2 2 2 2 2 2 1 1 1 1 1 1 1 1 1 1 1 1 1 1 1 1 
4 4 4 4 4 4 4 4 4 4 4 4 4 4 4 4 4 4 4 4 4 4 4 4 4 4 4 4 4 4 4 4 5 5 5 5 5 5 6 6 5 3 3 3 2 2 3 4 4 5 6 5 2 1 2 4 3 3 3 4 4 2 2 2 2 4 7 7 7 7 7 7 7 7 7 7 7 7 7 7 7 7 7 6 6 7 7 7 7 7 1 1 3 6 7 6 6 5 5 6 6 5 3 2 2 2 2 2 2 2 2 2 2 2 2 2 2 2 2 2 2 2 2 2 2 2 2 2 2 2 2 2 2 2 2 2 2 2 2 2 1 1 1 1 1 1 1 1 1 1 
4 4 4 4 4 4 4 4 4 4 4 4 4 4 4 4 4 4 4 4 4 4 4 4 4 4 4 4 4 4 4 4 5 5 5 5 5 5 6 5 5 4 2 2 2 2 2 3 4 5 6 4 2 1 2 4 4 5 4 4 5 5 5 5 5 6 7 7 7 7 7 7 7 7 7 7 7 7 7 7 7 7 7 7 7 7 7 7 7 7 1 1 2 5 7 6 4 5 5 5 5 4 2 3 2 2 2 2 2 2 2 2 2 2 2 2 2 2 2 2 2 2 2 2 2 2 2 2 2 2 2 2 2 2 2 2 2 2 2 2 2 2 2 2 2 2 1 1 1 1 
4 4 4 4 4 4 4 4 4 4 4 4 4 4 4 4 4 4 4 4 4 4 4 4 4 4 4 4 4 4 4 4 5 5 5 5 5 5 5 5 6 4 3 2 2 2 3 4 5 5 5 3 2 1 2 4 5 5 5 5 5 5 5 6 6 6 7 7 7 7 7 7 7 7 7 7 7 7 7 7 7 7 7 7 7 7 7 7 7 7 2 1 1 4 7 6 4 4 5 6 5 3 3 3 3 3 3 3 3 3 3 3 3 3 3 3 2 2 2 2 2 2 2 2 2 2 2 2 2 2 2 2 2 2 2 2 2 2 2 2 2 2 2 2 2 2 2 2 2 2 
3 3 4 4 4 4 4 4 4 4 4 4 4 4 4 4 4 4 4 4 4 4 4 4 4 4 4 4 4 4 4 4 4 5 5 5 5 5 5 5 6 5 3 2 2 2 3 4 5 5 5 3 1 1 2 5 5 6 5 5 4 5 6 6 6 6 7 7 7 7 7 7 6 5 4 3 4 5 7 7 7 7 7 7 7 7 7 7 7 7 3 1 1 3 6 7 5 5 5 5 4 3 3 3 3 3 3 3 3 3 3 3 3 3 3 3 3 3 3 3 3 3 3 3 3 3 3 3 3 3 2 2 2 2 2 2 2 2 2 2 2 2 2 2 2 2 2 2 2 2 
3 3 4 4 4 4 4 4 4 4 4 4 4 4 4 4 4 4 4 4 4 4 4 4 4 4 4 4 4 4 4 4 5 5 5 5 5 5 5 5 6 6 5 3 2 2 3 4 5 6 4 2 1 1 3 5 5 6 5 5 5 6 6 6 6 6 7 7 7 6 6 5 2 1 1 1 1 1 3 6 7 7 7 7 7 7 7 7 7 7 5 1 1 2 5 7 6 6 6 5 3 3 3 3 3 3 3 3 3 3 3 3 3 3 3 3 3 3 3 3 3 3 3 3 3 3 3 3 3 3 3 3 3 3 3 3 2 2 2 2 2 2 2 2 2 2 2 2 2 2 
3 4 4 4 4 4 4 4 4 4 4 4 4 4 4 4 4 4 4 4 4 4 4 4 4 4 4 4 4 4 4 5 4 5 5 5 5 5 5 6 6 6 6 4 2 2 3 5 5 6 3 2 1 2 4 5 5 5 5 5 6 6 6 6 5 6 7 7 7 6 4 1 1 1 0 0 0 1 1 2 6 7 7 7 7 7 7 7 7 7 6 1 3 2 3 7 6 6 6 4 3 3 3 3 3 3 3 3 3 3 3 3 3 3 3 3 3 3 3 3 3 3 3 3 3 3 3 3 3 3 3 3 3 3 3 3 3 3 3 3 2 2 2 2 2 2 2 2 2 2 
4 4 4 4 4 4 4 4 4 4 4 4 4 4 4 4 4 4 4 4 4 4 4 4 4 4 4 4 4 5 4 5 4 5 5 5 5 5 5 5 6 6 6 5 3 3 4 5 6 5 5 4 2 2 4 5 5 5 4 5 6 6 6 5 6 6 7 7 6 4 1 0 0 0 1 0 0 0 0 1 4 7 7 7 7 7 6 7 7 7 6 1 4 2 2 6 7 6 5 3 3 3 3 3 3 3 3 3 3 3 3 3 3 3 3 3 3 3 3 3 3 3 3 3 3 3 3 3 3 3 3 3 3 3 3 3 3 3 3 3 3 3 3 3 3 3 3 3 2 2 
4 4 4 4 4 4 4 4 4 4 4 4 4 4 4 4 4 4 4 4 4 4 4 4 4 4 4 4 4 4 4 4 5 5 5 5 5 5 5 5 5 6 6 5 4 3 4 5 6 4 6 4 2 2 4 5 5 5 5 6 6 6 5 5 5 6 6 6 6 2 0 0 0 0 0 0 0 0 0 0 2 6 7 7 7 7 6 6 7 6 6 1 3 3 2 5 7 6 5 3 3 3 3 3 3 3 3 3 3 3 3 3 3 3 3 3 3 3 3 3 3 3 3 3 3 3 3 3 3 3 3 3 3 3 3 3 3 3 3 3 3 3 3 3 3 3 3 3 3 3 
4 4 4 4 4 4 4 4 4 4 4 4 4 4 4 4 4 4 4 4 4 4 4 4 4 4 4 4 4 4 4 4 5 5 5 5 5 5 5 5 5 5 6 6 5 4 5 6 5 5 6 4 2 2 4 5 5 5 5 6 6 6 4 5 5 6 6 6 5 2 0 0 0 0 0 0 0 0 0 0 2 6 7 7 7 7 6 5 6 6 6 2 2 4 3 4 7 7 5 4 3 3 3 3 3 3 3 3 3 3 3 3 3 3 3 3 3 3 3 3 3 3 3 3 3 3 3 3 3 3 3 3 3 3 3 3 3 3 3 3 3 3 3 3 3 3 3 3 3 3 
3 4 4 4 4 4 4 4 4 4 4 4 4 4 4 4 4 4 4 4 4 4 4 4 4 4 4 4 4 4 4 4 5 5 5 5 5 5 5 5 5 6 6 6 5 4 5 5 4 6 6 4 3 2 4 4 4 4 5 5 5 4 5 5 6 6 6 5 5 4 1 0 0 0 0 0 0 0 1 0 2 6 7 7 7 7 6 6 6 6 6 2 2 4 4 4 7 7 6 4 4 3 3 3 3 3 3 3 3 3 3 3 3 3 3 3 3 3 3 3 3 3 3 3 3 3 3 3 3 3 3 3 3 3 3 3 3 3 3 3 3 3 3 3 3 3 3 3 3 3 
3 4 4 4 4 4 4 4 4 4 4 4 4 4 4 4 4 4 4 4 4 4 4 4 4 4 4 4 4 5 4 5 5 5 5 5 5 5 5 5 5 6 6 6 5 5 6 5 5 6 6 5 3 2 4 4 4 3 4 4 4 4 4 5 6 6 6 6 5 3 2 0 0 0 0 0 0 0 0 1 3 5 6 7 7 7 6 6 6 6 6 2 3 5 4 4 6 7 7 4 4 4 4 4 3 3 3 3 3 3 3 3 3 3 3 3 3 3 3 3 3 3 3 3 3 3 3 3 3 3 3 3 3 3 3 3 3 3 3 3 3 3 3 3 3 3 3 3 3 3 
4 4 4 4 4 4 4 4 4 4 4 4 4 4 4 4 4 4 4 4 5 5 4 4 4 4 4 4 5 5 5 5 5 5 5 5 5 5 5 5 5 5 6 6 6 6 5 4 6 6 6 5 4 2 4 4 3 3 3 3 3 3 4 5 5 5 4 4 4 3 2 1 0 0 0 0 0 0 0 1 2 5 6 7 7 7 6 6 7 6 6 4 3 4 6 4 3 7 7 4 4 4 4 4 3 3 3 3 3 3 3 3 3 3 3 3 3 3 3 3 3 3 3 3 3 3 3 3 3 3 3 3 3 3 3 3 3 3 3 3 3 3 3 3 3 3 3 3 3 3 
4 4 4 4 4 4 4 4 4 4 4 4 4 4 4 4 4 5 5 5 5 5 5 5 4 5 5 5 5 5 5 5 5 5 5 5 5 5 5 5 5 5 6 6 6 6 4 5 6 7 7 6 5 3 3 4 4 4 3 3 4 4 4 5 5 5 5 4 3 4 3 2 1 0 0 0 0 0 1 1 2 5 6 7 7 7 6 6 6 6 5 5 4 5 6 5 4 3 5 6 4 4 4 4 4 4 4 4 4 4 4 4 4 4 4 4 4 4 4 4 4 4 4 4 3 3 3 3 3 3 3 3 3 3 3 3 3 3 3 3 3 3 3 3 3 3 3 3 3 3 
3 4 4 4 4 4 4 4 4 4 4 4 4 4 4 5 5 5 5 5 5 5 5 5 5 5 5 5 5 5 5 5 5 5 5 5 5 5 5 5 5 5 6 6 5 3 5 6 6 7 7 6 5 3 3 4 4 4 3 3 2 3 3 4 5 4 4 4 4 3 2 1 1 0 1 0 0 1 1 1 2 5 5 6 7 7 6 6 6 6 5 4 5 7 7 6 4 4 5 6 4 4 4 4 4 4 4 4 4 4 4 4 4 4 4 4 4 4 4 4 3 3 4 4 4 4 3 3 3 3 3 3 3 3 3 3 3 3 3 3 3 3 3 3 3 3 3 3 3 3 
3 4 4 4 4 4 4 4 4 4 4 4 4 4 5 5 5 5 5 5 5 5 5 5 5 5 5 5 5 5 5 5 5 5 5 5 5 5 5 5 5 5 6 5 5 5 6 6 7 7 7 6 6 4 3 3 3 3 3 3 3 2 2 3 5 4 3 3 3 2 2 1 1 1 1 0 0 0 0 1 3 5 6 6 7 6 6 6 6 6 6 6 7 7 7 7 5 4 4 5 4 4 4 4 4 4 4 4 4 4 4 4 4 4 4 4 4 4 4 4 4 4 4 4 4 4 4 4 4 4 4 4 3 3 3 3 3 3 3 3 3 3 3 3 3 3 3 3 3 3 
4 4 4 4 4 4 4 4 4 4 4 4 4 5 5 5 5 5 5 5 5 5 5 5 5 5 5 5 5 5 5 5 5 5 5 5 5 5 5 5 5 5 6 6 6 6 6 6 7 7 7 7 6 5 4 3 3 3 3 4 3 2 2 2 4 4 3 3 2 2 2 1 1 1 1 0 1 1 1 1 2 4 5 6 6 5 6 6 6 6 6 6 7 7 7 7 7 5 4 4 4 4 4 4 4 4 4 4 4 4 4 4 4 4 4 4 4 4 4 4 4 4 4 4 4 4 4 4 4 4 4 4 3 3 3 3 3 3 3 3 3 3 3 3 3 3 3 3 3 3 
3 4 4 4 4 4 4 4 4 4 4 4 4 5 5 5 5 5 5 5 5 5 5 5 5 5 5 5 5 5 5 5 5 5 5 5 5 5 5 5 5 5 6 6 6 6 6 6 7 7 7 7 6 5 4 3 3 3 4 4 3 3 1 1 2 3 3 2 2 2 1 1 1 0 0 0 0 0 0 1 1 2 4 5 2 4 6 7 6 6 6 7 7 7 7 7 7 6 4 4 4 4 4 4 4 4 4 4 4 4 4 4 4 4 4 4 4 4 4 4 4 4 4 4 4 4 4 4 4 4 4 4 3 3 3 3 3 3 3 3 3 3 3 3 3 3 3 3 3 3 
3 3 3 4 4 4 4 4 4 4 4 4 4 5 5 5 5 5 5 5 5 5 5 5 5 5 5 5 5 5 5 5 5 5 5 5 5 5 5 5 5 5 6 6 6 6 6 7 7 7 7 7 6 5 4 4 3 4 3 3 5 3 1 0 0 2 2 3 2 2 2 0 0 0 0 0 0 0 0 1 1 2 2 1 2 4 5 7 7 6 7 7 7 7 7 7 7 6 4 4 4 4 4 4 4 4 4 4 4 4 4 4 4 4 4 4 4 4 4 4 4 4 4 4 4 4 4 4 4 4 4 4 3 3 3 3 3 3 3 3 3 3 3 3 3 3 3 3 3 3 
3 3 3 4 4 4 4 4 4 4 4 4 4 5 5 5 5 5 5 5 5 5 5 5 5 5 5 5 5 5 5 5 5 5 5 5 5 5 5 5 5 5 6 6 6 6 7 7 7 6 6 6 6 6 5 4 3 3 3 5 5 3 1 0 0 0 0 2 1 1 1 0 0 0 0 0 0 0 0 1 2 1 1 1 3 5 6 6 6 6 7 7 7 7 7 7 7 7 5 4 4 4 4 4 4 4 4 4 4 4 4 4 4 4 4 4 4 4 4 4 4 4 4 4 4 4 4 4 4 4 4 4 4 4 4 4 3 3 3 3 3 3 3 3 3 3 3 3 3 3 
3 3 3 4 4 4 4 4 4 4 4 4 4 4 4 5 5 5 5 5 5 5 5 5 5 5 5 5 5 5 5 5 5 5 5 5 5 5 5 5 5 5 6 6 6 6 6 7 7 6 6 6 6 6 5 4 4 3 4 5 4 3 2 1 0 0 0 0 0 1 1 1 1 1 0 0 0 0 1 2 3 4 1 1 6 6 6 6 6 6 7 7 7 7 7 7 7 7 5 4 4 3 4 4 4 4 4 4 4 4 4 4 4 4 4 4 4 4 4 4 4 4 4 4 4 4 4 4 4 4 4 4 4 4 3 3 3 3 3 3 3 3 3 3 3 3 3 3 3 3 
3 3 3 4 4 4 4 4 4 4 4 4 4 4 4 5 5 5 5 5 5 5 5 5 5 5 5 5 5 5 5 5 5 5 5 5 5 5 5 5 5 5 6 6 6 7 7 7 6 6 6 6 5 5 5 4 4 4 3 4 4 4 3 2 0 0 0 0 1 2 2 2 2 1 1 0 1 1 1 2 3 4 2 2 6 6 6 6 6 7 7 7 7 7 7 7 7 7 6 4 4 4 4 4 4 4 4 4 4 4 4 4 4 4 4 4 4 4 4 4 4 4 4 4 4 4 4 4 4 4 4 4 4 4 3 3 3 3 3 3 3 3 3 3 3 3 3 3 3 3 
3 4 4 4 4 4 4 4 4 4 4 4 4 4 4 4 5 5 5 5 5 5 5 5 5 5 5 5 5 5 5 5 5 5 5 5 5 5 5 5 5 6 6 6 6 7 7 7 6 6 6 6 5 5 5 5 4 4 3 3 4 4 3 2 1 0 0 0 2 3 3 2 3 2 2 0 1 1 2 3 3 5 1 3 6 6 6 6 6 7 7 7 7 7 7 7 7 7 7 4 4 4 4 4 4 4 4 4 4 4 4 4 4 4 4 4 4 4 4 4 4 4 4 4 4 4 4 4 4 4 4 4 4 4 3 3 3 3 3 3 3 3 3 3 3 3 3 3 3 3 
3 4 4 4 4 4 4 4 4 4 4 4 4 4 4 5 5 5 5 5 5 5 5 5 5 5 5 5 5 5 5 5 5 5 5 5 5 5 5 5 5 6 6 6 6 7 7 6 6 6 6 6 5 5 5 5 4 4 3 4 3 3 3 3 1 0 0 0 0 4 4 4 4 3 3 1 2 2 3 3 4 4 1 4 6 6 6 6 7 7 7 7 7 7 7 7 7 7 7 5 4 4 4 4 4 4 4 4 4 4 4 4 4 4 4 4 4 4 4 4 4 4 4 4 4 4 4 4 4 4 4 4 4 4 4 4 3 3 3 3 3 3 3 3 3 3 3 3 3 3 
3 3 3 4 4 4 4 4 4 4 4 4 4 4 5 5 4 5 5 5 5 5 5 5 5 5 5 5 5 5 5 5 5 5 5 5 5 5 5 5 5 5 6 6 6 7 7 6 6 6 6 5 5 5 5 5 5 4 4 4 3 3 4 3 2 0 0 0 0 2 6 5 5 5 5 2 2 3 4 4 5 2 2 5 6 6 6 7 7 7 7 7 7 7 7 7 7 7 7 6 4 4 4 4 4 4 4 4 4 4 4 4 4 4 4 4 4 4 4 4 4 4 4 4 4 4 4 4 4 4 3 3 3 3 3 3 3 3 3 3 3 3 3 3 3 3 3 3 3 3 
3 3 4 4 4 4 4 4 4 4 4 4 4 5 5 5 5 5 5 5 5 5 5 5 5 5 5 5 5 5 5 5 5 5 5 5 5 5 5 5 5 5 6 6 7 7 7 6 6 6 6 6 5 5 5 5 5 4 4 3 3 2 3 4 3 1 0 0 0 1 6 6 6 6 6 4 3 4 4 4 4 2 4 6 6 6 6 7 7 7 7 7 7 7 7 7 7 7 7 7 5 4 4 4 4 4 4 4 4 4 4 4 4 4 4 4 4 4 4 4 4 4 4 4 4 4 4 4 4 4 4 4 4 4 4 4 3 3 3 3 3 3 3 3 3 3 3 3 3 3 
3 4 4 4 4 4 4 4 4 4 4 4 4 5 5 5 4 5 5 5 5 5 5 5 5 5 5 5 5 5 5 5 5 5 5 5 5 5 5 5 5 6 6 7 7 7 7 6 6 6 6 6 5 5 5 5 5 4 3 3 3 2 2 3 3 2 1 0 0 0 2 7 6 6 6 5 4 5 4 5 4 1 4 7 6 6 7 7 7 7 7 7 7 7 7 7 7 7 7 7 5 4 4 4 4 4 4 4 4 4 4 4 4 4 4 4 4 4 4 4 4 4 4 4 4 4 4 4 4 4 4 4 4 4 4 4 4 4 3 3 3 3 3 3 3 3 3 3 3 3 
3 4 4 4 4 4 4 4 4 4 4 4 4 5 5 5 4 5 5 5 5 5 5 5 5 5 5 5 5 5 5 5 5 5 5 5 5 5 5 5 5 6 6 7 7 7 7 6 6 6 6 6 6 5 5 5 4 4 4 3 3 2 2 2 2 3 2 0 0 0 2 5 7 6 6 6 5 5 4 6 4 1 4 6 6 6 7 7 7 7 7 7 7 7 7 7 7 7 7 7 5 4 4 4 4 4 4 4 4 4 4 4 4 4 4 4 4 4 4 4 4 4 4 4 4 4 4 4 4 4 4 4 4 4 4 4 4 4 4 4 4 4 4 4 4 4 4 4 4 4 
3 3 4 4 3 3 4 4 4 4 4 4 4 4 4 4 4 4 5 5 5 4 5 5 5 5 4 5 5 5 5 5 5 5 5 5 5 5 5 5 5 6 6 7 7 7 6 6 6 6 6 6 6 5 5 5 5 4 3 3 2 2 2 2 2 4 2 1 0 0 2 3 7 6 6 6 5 5 4 5 2 1 5 6 6 7 7 7 7 7 7 7 7 7 7 7 7 7 7 7 5 4 4 4 4 4 4 4 4 4 4 4 4 4 4 4 4 4 4 4 4 4 4 4 4 4 4 4 4 4 4 4 4 4 4 4 4 4 4 4 4 4 4 4 4 4 4 4 3 3 
3 3 3 3 3 3 4 4 4 4 4 4 4 4 4 4 4 4 5 5 4 4 4 4 5 5 4 4 5 5 5 5 5 5 5 5 5 5 5 5 5 6 6 6 7 6 6 6 6 6 6 6 6 5 5 5 4 4 3 3 2 2 2 2 1 2 3 1 0 0 0 0 6 7 6 6 6 5 4 2 0 2 6 6 7 7 7 7 7 7 7 7 7 7 7 7 7 7 7 7 6 4 4 4 4 4 4 4 4 4 4 4 4 4 4 4 4 4 4 4 4 4 4 4 4 4 4 4 4 4 4 4 4 4 4 4 4 4 4 4 4 4 4 4 4 4 4 4 4 4 
3 3 3 3 3 3 3 4 4 4 4 4 4 4 4 4 4 4 5 5 4 4 4 4 4 4 4 4 4 4 4 4 5 5 5 5 5 5 5 5 5 5 6 6 6 6 6 6 6 6 6 5 5 5 5 5 4 4 4 3 2 2 2 2 1 1 2 3 1 0 0 0 0 5 7 6 6 4 1 0 1 6 6 6 7 7 7 7 7 7 7 7 7 7 7 7 7 7 7 7 6 4 4 4 4 4 4 4 4 4 4 4 4 4 4 4 4 4 4 4 4 4 4 4 4 4 4 4 4 4 4 4 4 4 4 4 4 4 4 4 4 4 4 4 4 4 4 4 4 4 
3 3 3 3 3 3 3 4 4 4 4 4 4 4 4 4 4 4 5 5 4 4 4 4 4 4 4 4 4 4 4 4 4 5 5 5 5 5 5 5 5 5 6 6 6 6 5 5 5 5 5 5 5 5 5 5 5 4 4 3 2 2 2 1 1 1 2 2 2 1 0 0 0 0 0 1 1 0 0 1 5 7 6 6 6 7 7 7 7 7 7 7 7 7 7 7 7 7 7 7 7 4 4 4 4 4 4 4 4 4 4 4 4 4 4 4 4 4 4 4 4 4 4 4 4 4 4 4 4 4 4 4 4 4 4 4 4 4 4 4 4 4 4 4 4 4 4 4 4 4 
3 3 3 3 3 3 3 4 4 4 4 4 4 4 4 4 4 4 4 4 4 4 4 4 4 4 4 4 4 4 4 4 4 4 4 5 4 4 5 5 5 5 6 6 6 6 5 5 5 5 5 5 5 5 5 5 5 5 4 3 2 2 1 0 1 1 2 1 2 3 2 1 0 0 0 0 0 0 2 5 6 6 5 6 6 7 7 7 7 7 7 7 7 7 7 7 7 7 7 7 7 5 4 4 4 4 4 4 4 4 4 4 4 4 4 4 4 4 4 4 4 4 4 4 4 4 4 4 4 4 4 4 4 4 4 4 4 4 4 4 4 4 4 4 4 4 4 4 4 4 
3 3 3 3 4 4 4 4 4 4 4 4 4 4 4 4 4 4 4 4 4 4 4 4 4 4 4 4 4 4 4 4 4 4 4 4 4 4 4 5 5 6 6 6 6 5 5 6 5 5 5 5 5 5 5 5 5 4 4 3 2 2 1 1 1 1 2 2 1 2 3 2 2 1 1 1 2 3 5 6 6 5 5 6 6 7 7 7 7 7 7 7 7 7 7 7 7 7 7 7 7 6 4 4 4 4 4 4 4 4 5 4 4 4 4 4 4 4 4 4 4 4 4 4 4 4 4 4 4 4 4 4 4 4 4 4 4 4 4 4 4 4 4 4 4 4 4 4 4 4 
3 3 4 4 4 4 4 4 4 4 4 4 4 4 4 4 4 4 4 4 4 4 4 4 4 4 4 4 4 4 4 4 4 4 4 4 4 4 4 5 5 6 6 6 6 5 5 5 5 5 5 5 5 4 5 4 4 4 3 3 3 1 1 2 1 1 2 2 2 1 2 3 3 3 3 3 4 4 5 6 5 5 5 6 6 6 7 7 7 7 7 7 7 7 7 7 7 7 7 7 7 7 5 4 4 4 4 4 5 5 5 5 4 4 4 4 4 4 4 4 4 4 4 4 4 4 4 4 4 4 4 4 4 4 4 5 4 4 5 4 4 4 4 4 4 4 4 4 4 4 
4 4 4 4 4 4 4 4 4 4 4 4 4 4 4 4 4 4 4 4 4 4 4 4 4 4 4 4 4 4 4 4 4 4 4 4 4 4 4 5 5 6 6 6 5 5 5 5 5 5 5 5 5 5 4 4 4 4 4 3 2 1 2 2 2 2 2 2 3 2 1 2 3 2 3 3 4 4 4 6 5 4 5 6 6 6 6 6 6 7 7 7 7 7 7 7 7 7 7 7 7 7 7 5 4 4 5 5 5 5 5 5 5 5 4 4 4 4 4 4 4 4 4 4 4 4 4 4 4 4 4 4 4 5 5 5 5 5 5 5 5 5 5 5 5 5 4 4 4 4 
4 4 4 4 4 4 4 4 4 4 4 4 4 4 4 4 4 4 4 4 4 4 4 4 4 4 4 4 4 4 4 4 4 4 4 4 4 4 4 5 5 6 6 6 5 4 4 5 5 5 5 5 5 4 4 4 4 4 4 3 1 2 3 2 2 2 3 3 3 3 3 1 3 3 3 2 3 4 4 5 5 5 5 6 6 6 6 6 6 7 7 7 7 7 7 7 7 7 7 7 7 7 7 6 4 5 5 5 5 5 5 5 5 5 5 4 4 4 4 4 4 4 4 4 4 4 4 5 5 5 5 5 5 5 5 5 5 5 5 5 5 5 5 5 5 5 5 5 5 5 
4 4 4 4 4 4 4 4 4 4 4 4 4 4 4 4 4 4 4 4 4 4 4 4 4 4 4 4 4 4 4 4 4 4 4 4 4 4 4 5 5 5 6 5 5 4 4 5 5 5 5 4 4 4 4 4 4 4 3 2 1 3 3 3 2 3 3 3 3 4 4 3 3 3 3 3 3 4 4 5 5 5 5 5 5 6 6 6 7 7 7 7 7 7 7 7 7 7 7 7 7 7 7 7 6 5 5 5 5 5 5 5 5 5 5 4 4 4 4 4 4 4 4 4 4 4 5 5 5 5 5 5 5 5 5 5 5 5 5 5 5 5 5 5 5 5 5 5 5 5 
4 4 4 4 4 4 4 4 4 4 4 4 4 4 4 4 4 4 4 4 4 4 4 4 4 4 4 4 4 4 4 4 4 4 4 4 4 4 4 4 5 5 5 5 4 4 4 5 5 4 4 4 3 3 3 3 3 2 2 1 3 3 3 3 3 4 4 3 4 4 4 3 3 3 3 3 3 4 3 4 4 5 5 5 5 5 6 6 7 7 7 7 7 7 7 7 7 7 7 7 7 7 7 7 6 5 5 4 5 5 5 5 5 5 5 5 4 4 4 4 4 4 4 4 4 4 5 5 5 5 5 5 5 5 5 5 5 5 5 5 5 5 5 5 5 5 5 5 5 5 
4 4 4 4 4 4 4 4 4 4 4 4 4 4 4 4 4 4 4 4 4 4 4 4 4 4 4 4 4 4 4 4 4 4 4 4 4 4 4 4 5 5 5 5 4 4 5 5 5 4 4 4 4 4 4 3 3 3 2 2 2 3 3 4 4 4 5 4 5 5 5 4 4 3 4 4 4 4 3 4 5 5 5 5 6 5 6 6 7 7 7 7 7 7 7 7 7 7 7 7 7 7 7 7 7 5 5 4 5 5 5 5 5 5 5 5 4 4 4 4 4 4 4 4 4 4 5 5 5 5 5 5 5 5 5 5 5 5 5 5 5 5 5 5 5 5 5 5 5 5 
4 4 4 4 4 4 4 4 4 4 4 4 4 4 4 4 4 4 4 4 4 4 4 4 4 4 4 4 4 4 4 4 4 4 4 4 4 4 4 4 4 5 5 5 4 4 5 5 4 4 4 4 4 4 4 4 4 2 2 3 3 2 2 3 4 5 5 5 5 5 5 5 4 4 4 4 4 4 4 4 5 5 5 6 5 6 6 6 6 6 7 7 7 7 6 7 7 7 7 7 7 7 7 7 7 5 4 4 5 5 5 5 5 5 4 4 5 4 4 4 4 4 4 5 4 4 5 5 5 5 5 5 5 5 5 5 5 5 5 5 5 5 5 5 5 5 5 5 5 5 
4 4 4 4 4 4 4 4 4 4 4 4 4 4 4 4 4 4 4 4 4 3 3 3 4 4 4 4 4 4 4 4 4 4 4 4 4 4 4 4 4 5 5 5 4 4 5 5 5 5 5 5 4 4 5 5 4 2 4 4 3 3 3 3 3 3 5 5 5 5 5 5 5 5 5 5 5 4 4 4 5 5 4 5 6 6 6 6 6 6 6 6 6 6 6 7 7 7 7 7 7 7 7 7 7 6 5 5 5 5 5 5 5 5 4 4 5 4 4 4 4 4 5 5 4 5 5 5 5 5 5 5 5 5 5 5 5 5 5 5 5 5 5 5 5 5 5 5 5 5 
4 4 4 4 4 4 4 4 4 4 4 4 4 4 4 4 4 4 4 4 4 3 3 3 3 3 3 4 4 4 4 4 4 4 4 4 4 4 4 4 4 5 5 4 4 5 5 5 5 5 5 4 5 5 5 4 3 3 4 4 3 3 3 3 2 3 3 4 5 5 5 6 6 6 5 5 5 5 5 5 4 5 4 5 6 6 6 6 6 6 6 6 6 6 6 7 7 7 7 7 7 7 7 7 7 6 5 4 4 4 4 5 5 5 4 4 4 4 4 4 4 4 5 5 5 5 5 5 5 5 5 5 5 5 5 5 5 5 5 5 5 5 5 5 5 5 5 5 5 5 
4 4 4 4 4 4 4 4 4 4 4 4 4 4 4 4 4 4 4 4 3 3 3 3 3 3 3 3 4 4 4 4 4 4 4 4 4 4 4 4 4 4 5 4 4 4 5 5 5 5 5 5 5 4 4 4 4 4 3 3 3 3 4 4 3 3 2 3 4 5 6 6 6 6 6 6 5 5 5 4 4 4 4 5 5 6 6 6 6 6 6 6 6 6 7 7 7 7 7 7 7 7 7 7 7 6 4 4 4 4 4 4 4 4 4 4 4 4 4 4 4 4 5 5 5 5 5 5 5 5 5 5 5 5 5 5 5 5 5 5 5 5 5 5 5 5 5 5 5 5 
4 4 4 4 4 4 4 4 4 4 4 4 4 4 4 4 4 4 4 4 3 3 3 3 3 3 3 3 4 4 4 4 4 4 4 4 4 4 4 4 4 4 4 4 4 4 5 5 4 4 5 5 5 4 4 3 3 3 3 3 3 4 4 4 4 3 3 3 4 5 6 6 6 7 6 5 6 6 5 3 3 3 3 3 4 5 5 6 6 6 6 6 6 6 7 7 7 7 7 7 7 7 7 7 7 6 5 4 4 4 4 4 4 4 4 4 4 4 4 4 5 5 5 5 5 4 4 5 5 5 5 5 5 5 5 5 5 5 4 4 4 4 4 4 4 5 5 5 5 5 
4 4 4 4 4 4 4 4 4 4 4 4 4 4 4 4 4 4 4 4 3 3 3 3 3 3 3 3 4 4 4 4 4 4 4 4 4 4 4 4 4 4 4 4 4 4 5 5 4 4 4 4 4 4 4 4 4 4 3 3 3 4 4 4 4 4 4 3 4 4 5 6 6 6 7 6 6 5 4 3 3 3 3 3 3 4 5 5 6 6 6 6 6 6 7 7 7 7 7 7 7 7 7 7 7 6 4 4 4 4 4 4 4 4 4 4 4 4 4 4 4 4 4 5 4 4 4 4 5 4 4 4 5 5 5 5 5 4 4 4 4 4 4 4 4 4 4 4 4 4 
4 4 4 4 4 4 4 4 4 4 4 4 4 4 4 4 4 4 4 4 3 3 3 3 3 3 3 3 3 4 4 4 4 4 4 4 4 4 4 4 4 4 4 4 4 4 5 5 5 4 4 5 5 5 5 5 4 4 3 3 3 4 4 4 4 4 4 3 4 5 5 6 6 6 6 6 6 4 3 3 3 3 3 3 4 3 4 5 5 5 5 6 6 6 6 7 7 7 7 6 7 7 7 7 7 5 4 4 4 4 4 4 4 4 4 4 4 4 4 4 4 4 4 4 4 4 4 4 4 4 4 4 5 5 5 5 4 4 4 4 4 4 4 4 4 4 4 4 4 4 
4 4 4 4 4 4 4 4 4 4 4 4 4 4 4 4 4 4 4 4 3 3 3 3 3 3 3 3 3 4 4 4 4 4 4 4 4 4 4 4 4 4 4 4 4 4 5 5 4 4 4 4 5 5 5 4 5 4 3 2 3 3 3 3 3 3 4 3 4 4 4 5 5 6 6 6 6 3 3 3 3 4 3 3 4 3 2 2 3 4 5 6 6 6 7 7 7 7 7 7 7 7 7 7 6 5 4 4 4 4 4 4 4 4 4 4 4 4 4 4 4 4 4 4 4 4 4 4 4 4 4 4 4 4 4 4 4 4 4 4 4 4 4 4 4 4 4 4 4 4 
4 4 4 4 4 4 4 4 4 4 4 4 4 4 4 4 4 4 4 4 3 3 3 4 4 4 3 4 4 4 4 4 4 4 4 4 4 4 4 4 4 4 4 4 4 4 5 5 4 4 4 4 5 5 5 4 4 4 4 3 3 3 2 3 3 3 3 3 3 4 4 4 5 5 6 6 6 4 4 3 3 4 4 3 3 2 2 3 3 4 5 5 5 6 6 7 7 7 7 7 7 7 7 7 5 4 4 4 4 4 4 4 4 4 4 4 4 4 4 4 4 4 4 4 4 4 4 4 4 4 4 4 4 4 4 4 4 4 4 4 4 4 4 4 4 4 4 4 4 4 
4 4 4 4 4 4 4 4 4 4 4 4 5 5 5 5 4 4 4 4 4 4 4 4 4 4 4 4 4 4 4 4 4 4 4 4 4 4 4 4 4 4 4 4 4 4 5 5 4 4 4 5 4 4 4 3 3 4 5 4 4 3 2 2 2 2 3 3 3 4 4 4 4 5 5 6 6 4 3 3 3 3 3 3 2 2 2 2 2 3 4 5 6 7 7 6 6 7 7 7 7 7 7 7 5 4 4 4 4 4 4 4 4 4 4 4 4 4 4 4 4 4 3 4 4 4 4 4 4 4 4 4 4 4 4 4 4 4 4 4 4 4 4 4 4 4 4 4 4 4 
4 4 4 4 5 5 5 5 5 5 5 5 5 5 5 5 5 5 4 4 4 4 4 4 4 4 4 4 4 4 4 5 5 5 4 4 4 4 4 4 4 4 4 4 3 3 4 5 4 4 4 3 3 3 3 3 4 5 5 4 4 3 3 2 2 2 2 2 2 4 4 4 4 5 5 6 6 4 3 3 3 2 2 2 2 2 2 3 4 5 5 5 5 6 7 7 7 7 7 7 7 7 7 7 5 4 4 4 4 4 4 4 4 4 4 4 4 4 4 4 3 3 3 3 4 4 4 4 4 4 4 4 4 4 4 4 4 4 4 4 4 4 4 4 4 4 4 4 4 4 
4 4 4 5 5 5 5 5 5 5 5 5 5 5 5 5 5 5 5 5 5 4 4 4 4 4 4 5 5 5 5 5 5 5 5 4 4 4 4 4 4 4 4 4 3 3 4 5 4 4 4 4 4 3 4 4 5 5 5 5 4 3 3 3 2 2 2 2 2 3 4 4 5 5 5 6 6 4 3 3 3 3 1 1 2 3 4 5 6 6 6 6 6 6 7 7 7 7 7 7 7 7 7 6 4 4 4 4 4 4 4 4 4 4 4 4 4 4 4 4 3 3 3 3 4 4 4 4 4 4 4 4 4 4 4 4 4 4 4 4 4 4 4 4 4 4 4 4 4 4 
5 5 5 5 5 5 5 5 5 5 5 5 5 5 5 5 5 5 5 5 5 5 5 5 5 5 5 5 5 5 5 5 5 5 5 5 5 5 5 5 5 5 4 4 4 4 5 5 5 5 5 4 4 4 5 5 6 6 6 5 5 4 3 3 2 2 2 2 1 3 4 5 5 5 6 6 5 3 2 3 3 2 1 2 3 4 5 6 6 7 7 7 7 6 7 7 7 7 7 7 7 7 7 6 4 4 4 4 4 4 4 4 4 4 4 4 4 4 4 3 3 3 3 3 3 4 4 4 4 4 4 4 4 4 4 4 4 4 4 4 4 4 4 4 4 4 4 4 4 4 
5 5 5 5 5 5 5 5 5 5 5 5 5 5 5 5 5 5 5 5 5 5 5 5 5 5 5 5 5 5 5 5 5 5 5 5 5 5 5 5 5 5 5 5 4 4 4 5 5 5 5 5 5 5 5 5 5 5 5 4 4 4 5 4 3 3 2 2 2 2 4 4 5 5 6 6 5 2 2 2 2 1 2 3 4 6 6 7 7 7 7 7 7 7 7 7 7 7 7 7 7 7 7 5 4 4 4 4 4 4 4 4 4 4 4 4 4 4 4 3 3 3 3 3 4 4 4 4 4 4 4 5 4 4 4 4 4 4 4 4 4 4 4 4 4 4 4 4 4 4 
5 5 5 5 5 5 5 5 5 5 5 5 5 5 5 5 5 5 5 5 5 5 5 5 5 5 5 5 5 5 5 5 5 5 5 5 5 5 5 5 5 5 5 5 4 4 5 5 5 5 5 4 4 4 5 5 5 5 5 5 4 4 4 5 4 3 2 2 1 2 3 4 5 6 6 6 4 2 2 2 1 2 3 4 5 6 7 7 7 7 7 7 7 6 6 7 7 7 7 7 7 7 7 5 4 4 4 5 4 4 4 4 4 4 4 4 4 4 4 3 3 3 3 3 4 4 4 4 4 5 5 5 5 5 4 4 4 4 4 4 4 4 4 4 4 4 4 4 4 4 
5 5 5 5 5 5 5 5 5 5 5 5 5 5 5 5 5 5 5 5 5 5 5 5 5 5 5 5 5 5 5 5 5 5 5 5 5 5 5 5 5 5 5 5 5 4 4 5 5 5 5 5 5 5 5 5 5 5 5 6 5 6 5 4 4 3 2 2 1 1 3 5 4 5 6 5 4 2 1 1 2 4 5 5 6 7 7 7 7 7 7 7 7 6 6 7 7 7 7 7 7 7 6 5 4 4 5 5 4 4 4 4 4 4 4 4 4 4 4 4 3 3 3 4 4 4 4 4 5 5 5 5 5 5 4 4 4 4 4 4 4 4 4 4 4 4 4 4 4 4 
5 5 5 5 5 5 5 5 5 5 5 5 5 5 5 5 5 5 5 5 5 5 5 5 5 5 5 5 5 5 5 5 5 5 5 5 5 5 5 5 5 5 5 5 5 5 5 4 4 4 4 4 5 5 5 5 5 5 6 6 6 6 5 4 3 2 2 1 1 2 2 4 4 5 5 4 3 1 1 2 5 5 6 6 7 7 7 7 7 7 7 7 7 6 6 6 7 7 7 7 7 7 6 5 4 4 4 5 4 4 4 4 4 4 4 4 4 4 4 4 4 4 4 4 4 4 4 5 5 5 5 5 4 4 4 4 4 4 4 4 4 4 4 4 4 4 4 4 4 4 
5 5 5 5 5 5 5 5 5 5 5 5 5 5 5 5 5 5 5 5 5 5 5 5 5 5 5 5 5 5 5 5 5 5 5 5 5 5 5 5 5 5 5 5 5 5 4 4 3 3 4 4 5 5 6 6 6 6 6 6 6 6 6 5 3 1 1 1 1 1 2 3 4 4 4 3 1 1 3 5 6 6 6 7 7 7 7 7 7 7 7 7 6 6 6 6 7 7 7 7 7 7 5 4 4 4 4 4 4 4 4 4 4 4 4 4 4 4 4 4 4 4 4 4 4 4 4 5 5 5 5 5 4 4 4 4 4 4 4 4 4 4 4 4 4 4 4 4 4 4 
5 5 5 5 4 5 5 5 5 5 5 5 5 5 5 5 5 5 5 4 4 4 4 4 4 5 5 5 5 5 5 5 5 5 4 4 5 5 5 5 5 5 5 5 5 5 4 4 3 3 3 5 5 5 6 6 6 6 6 6 6 6 6 5 3 1 0 1 1 1 2 2 3 3 2 1 1 4 5 6 6 6 7 7 7 7 7 7 7 7 7 7 7 6 6 6 6 7 7 7 7 6 5 4 4 4 4 4 4 4 4 4 4 4 4 4 4 4 4 4 4 4 4 4 4 4 5 5 5 5 5 5 4 4 4 4 4 4 4 4 4 4 4 4 4 4 4 4 4 4 
4 4 4 4 4 5 5 5 5 5 5 5 5 5 5 5 4 4 4 4 4 4 4 4 4 4 4 4 4 4 5 5 5 4 4 4 4 4 5 5 5 5 5 5 5 4 3 3 3 3 4 5 5 5 6 6 6 6 6 7 6 7 6 6 4 1 0 0 1 1 2 2 2 2 1 1 3 5 6 6 6 7 7 7 7 7 7 7 7 7 7 7 7 6 6 6 6 7 7 7 7 6 4 4 4 4 4 4 5 5 4 4 4 4 4 4 4 4 4 4 4 4 4 4 4 4 4 5 5 5 5 5 4 4 4 4 4 4 4 4 4 4 4 4 4 4 4 4 4 4 
4 4 4 4 4 4 4 4 5 5 5 5 5 5 5 5 5 4 4 4 4 4 4 4 4 4 4 4 4 4 4 4 4 4 4 4 4 4 4 5 5 5 5 5 5 4 4 3 3 3 3 3 4 5 5 6 6 6 6 7 7 7 7 6 4 1 1 0 1 1 1 1 1 1 1 2 4 6 6 6 6 6 7 7 7 7 7 7 7 7 7 6 7 6 6 6 6 7 7 7 7 5 4 4 4 4 4 4 4 4 4 5 4 4 4 4 4 4 4 4 4 4 4 4 4 4 4 5 5 5 5 5 4 4 4 4 4 4 4 4 4 4 4 4 4 4 4 4 4 4 
4 4 4 4 4 4 4 4 4 5 5 5 5 5 5 5 4 4 4 4 3 3 4 4 4 4 4 4 4 4 4 4 4 3 3 3 3 4 4 4 4 4 4 5 4 4 3 3 3 3 3 4 4 4 5 5 6 6 6 7 7 7 7 6 5 1 1 0 0 1 1 1 1 1 1 2 4 5 6 6 6 6 7 7 6 7 7 7 7 7 6 6 6 6 6 6 6 7 7 7 7 5 4 4 4 4 4 4 4 4 4 5 5 5 4 4 4 4 4 4 4 4 4 4 4 4 4 5 4 5 5 5 4 4 4 4 4 4 4 4 4 4 3 3 3 4 4 4 4 4 
3 4 4 4 4 4 4 4 4 4 4 4 5 4 5 5 5 4 4 4 3 3 3 4 4 4 4 4 3 3 3 3 3 3 3 3 3 3 4 4 4 4 4 4 4 4 3 3 3 3 3 3 4 5 5 5 6 6 6 7 7 7 7 7 6 2 0 0 0 1 0 1 0 1 2 3 5 5 6 6 6 6 6 6 6 6 7 7 7 6 6 6 6 6 6 6 6 6 6 7 6 5 4 4 4 4 4 4 4 4 4 5 4 4 4 4 4 4 4 4 4 4 4 4 4 4 4 4 4 4 4 4 4 4 4 4 4 4 4 4 4 3 3 3 3 3 3 4 4 4 
3 4 4 4 4 4 4 4 4 4 4 4 4 4 5 5 5 5 4 4 4 4 4 4 4 4 4 4 3 3 3 3 3 3 3 3 3 3 3 4 4 4 3 3 3 4 3 3 3 3 3 3 3 4 5 5 5 6 6 7 7 7 7 7 6 2 0 0 0 0 0 0 0 1 2 3 4 5 5 6 6 5 5 6 6 6 6 6 6 6 5 5 5 5 5 6 6 7 6 6 6 4 3 3 3 3 3 3 4 4 4 5 5 4 4 4 4 4 4 4 4 4 4 4 4 4 4 4 4 4 4 4 4 4 4 4 4 4 4 4 3 3 3 3 3 3 3 4 4 4 
3 4 4 4 4 4 4 4 4 4 4 4 4 4 4 5 5 5 5 4 4 4 4 4 4 4 4 4 4 4 3 3 3 3 3 3 3 3 4 4 4 4 3 3 3 4 3 3 2 2 2 2 3 4 4 5 6 6 6 7 7 7 7 7 7 3 0 0 0 0 0 0 1 2 3 4 5 5 5 6 6 5 5 5 5 6 5 6 6 5 4 4 4 5 5 6 6 6 6 6 5 4 3 3 3 3 3 4 4 4 4 4 4 4 4 4 4 4 4 4 4 4 4 4 5 4 4 5 4 4 5 5 4 4 4 4 4 4 4 4 3 3 3 3 3 3 3 3 4 4 
3 4 4 4 4 4 4 4 4 4 4 4 4 4 4 5 5 5 5 5 5 5 4 5 4 4 4 4 4 4 4 3 3 3 3 3 3 4 4 4 4 4 3 4 3 4 3 2 2 2 2 3 4 4 5 5 5 6 6 7 7 7 7 7 7 4 0 0 0 0 0 0 1 3 4 5 5 5 5 5 5 5 4 5 5 5 5 6 6 5 5 4 4 5 5 5 6 6 6 6 5 4 3 3 3 3 3 3 4 4 4 4 4 4 4 4 4 4 4 4 4 4 4 4 5 5 4 3 5 4 5 5 5 5 4 4 4 4 4 4 3 3 3 3 3 3 3 3 4 4 
3 4 4 4 4 5 5 4 4 5 5 5 5 5 5 5 5 5 5 5 5 5 5 5 5 4 4 4 4 4 4 4 4 3 3 3 4 4 4 4 4 4 4 4 4 4 4 3 2 2 2 3 3 4 5 5 6 6 6 7 7 7 7 7 7 5 0 0 0 0 0 0 1 3 4 5 5 5 5 5 5 4 4 4 4 5 5 5 6 5 5 4 5 5 5 5 6 6 6 6 4 4 3 3 3 3 3 3 4 4 4 4 4 4 4 4 4 4 4 4 4 4 4 4 5 4 4 2 5 5 5 5 5 5 4 4 4 4 4 4 3 3 3 3 3 3 3 3 4 4 
4 4 4 5 5 5 5 5 5 5 5 5 5 5 5 5 5 5 5 5 5 5 5 5 5 4 4 4 4 5 5 4 4 4 4 4 4 4 4 4 3 3 3 3 4 4 4 3 2 2 2 3 3 4 4 5 6 6 6 6 7 7 7 7 7 5 0 0 0 0 0 1 1 2 3 4 4 5 4 5 5 4 3 3 4 5 5 6 5 5 4 4 4 4 4 5 5 6 6 5 4 4 3 3 3 3 3 3 3 3 3 4 4 4 4 4 4 4 4 4 4 4 4 4 4 4 4 1 3 5 4 5 5 4 4 4 4 4 4 3 3 3 3 3 3 3 3 3 4 4 
4 4 4 5 5 5 5 5 5 5 5 5 5 5 5 5 5 5 5 5 5 5 5 5 5 5 5 5 4 5 5 5 5 5 5 5 4 4 4 3 2 3 3 4 4 4 4 3 2 2 2 3 3 4 4 5 5 6 6 6 7 7 7 7 7 6 0 0 0 0 1 1 1 2 3 3 3 4 4 4 4 4 3 3 3 4 4 4 5 3 4 4 4 5 5 5 5 6 6 5 4 4 3 3 3 3 4 4 3 3 3 3 3 4 4 4 4 4 4 4 4 4 4 4 4 4 4 4 4 5 4 4 4 4 4 4 4 3 3 3 3 3 3 3 3 4 4 4 4 4 
4 4 4 5 5 5 6 6 6 6 5 5 5 5 5 5 5 5 5 5 5 6 6 6 5 5 5 5 5 5 5 5 5 5 5 5 5 3 2 2 2 2 3 4 4 4 4 3 2 2 2 3 3 4 4 4 5 6 6 6 7 7 7 7 7 7 1 0 0 1 1 1 1 2 2 3 3 2 3 3 4 3 3 3 3 4 4 4 3 2 2 3 3 4 5 5 6 6 6 4 4 4 3 3 3 3 3 4 3 3 3 3 3 3 4 4 4 4 4 4 4 4 4 4 4 4 4 4 4 5 4 4 4 4 4 3 4 4 3 3 3 3 3 4 4 4 4 4 5 4 
5 5 5 5 5 6 6 6 6 6 5 5 5 5 5 5 5 5 5 5 5 6 6 6 5 5 5 5 5 5 5 5 5 5 5 5 4 3 2 2 2 3 3 4 4 4 3 3 2 2 2 3 3 3 4 5 5 5 6 6 7 7 7 7 7 7 4 1 1 1 1 1 1 1 2 2 2 2 2 2 3 3 2 3 3 4 4 2 1 2 2 3 3 5 5 6 6 6 5 4 4 4 4 3 3 3 3 4 3 3 3 3 3 3 3 4 4 4 4 4 4 4 4 4 4 4 4 4 4 5 4 4 4 3 3 3 3 3 4 3 3 4 4 4 4 4 4 4 3 2 
5 4 4 5 5 5 6 6 6 6 5 5 5 5 5 5 5 5 5 5 5 5 5 5 5 5 5 5 5 5 5 5 5 5 4 4 4 3 2 3 3 3 3 3 4 3 3 3 2 1 1 2 3 3 4 5 5 5 6 6 7 7 7 7 7 7 7 2 1 1 1 1 1 1 1 1 2 2 2 1 1 1 2 2 2 4 3 1 1 1 2 3 4 5 6 6 6 6 5 4 4 4 4 3 3 3 3 3 3 3 3 3 3 3 3 4 3 3 3 3 3 3 3 3 4 4 4 4 4 4 5 4 3 3 4 4 3 3 4 3 4 4 4 4 4 4 3 2 2 1 
5 4 4 4 5 5 5 6 6 6 5 5 4 4 5 5 5 5 5 5 5 5 5 5 5 5 5 5 5 5 5 5 5 4 3 4 4 4 3 3 3 3 3 3 3 3 3 3 2 1 1 2 3 3 4 4 4 5 6 6 6 7 7 7 7 7 7 6 1 1 1 1 1 1 1 1 1 1 1 1 1 1 1 1 2 3 2 1 1 1 2 3 4 5 6 6 6 6 4 4 4 4 4 1 1 3 2 3 3 3 3 3 3 3 3 3 3 2 3 3 3 3 3 3 3 3 4 4 4 4 4 4 4 4 4 4 4 3 3 4 4 5 4 4 4 4 3 2 1 1 
5 4 4 4 4 4 5 5 5 5 5 4 4 4 5 5 5 5 4 4 4 4 5 4 4 4 4 5 4 4 4 4 4 3 3 3 4 4 4 3 3 3 3 3 3 3 3 3 3 1 1 1 2 3 4 4 4 5 5 6 6 6 7 7 7 7 7 7 4 1 1 1 1 1 0 0 1 1 1 1 1 1 1 2 3 3 1 1 1 1 2 3 4 5 6 6 6 5 3 3 4 4 4 1 1 3 2 3 3 4 4 3 3 3 3 3 3 2 3 3 3 3 3 3 3 3 4 4 4 4 4 4 4 4 5 5 4 3 3 3 4 4 5 4 4 3 3 2 2 1 
5 5 4 3 3 4 4 5 5 5 5 4 4 4 5 5 4 4 4 4 4 4 5 4 4 4 4 4 4 4 4 4 3 3 3 3 4 4 3 3 3 3 3 3 3 3 3 4 3 2 1 1 1 2 3 3 4 4 5 5 6 6 7 7 7 7 7 7 7 1 1 1 1 1 0 0 0 0 0 0 0 1 1 2 3 1 1 1 1 1 2 3 4 5 5 6 6 5 3 4 4 4 3 2 2 3 3 3 3 4 4 4 4 4 3 3 3 2 3 3 3 3 4 4 4 4 4 4 4 4 4 4 3 5 5 5 4 3 3 3 4 4 5 4 3 3 3 2 2 2 
5 5 4 4 3 4 4 5 5 5 5 5 4 4 5 5 4 4 3 4 4 4 5 5 4 4 4 4 4 4 4 3 3 3 3 4 4 3 3 3 3 4 4 3 3 3 3 4 4 2 1 0 1 2 2 2 3 3 4 5 5 6 6 7 7 7 7 7 7 4 1 1 1 1 0 0 0 0 0 0 1 1 2 3 1 0 1 1 1 1 2 4 5 5 5 6 6 4 3 3 4 4 3 2 2 3 2 2 3 3 3 4 4 4 4 4 4 3 4 5 4 3 4 4 4 4 4 4 4 4 4 4 3 4 5 5 4 3 3 3 4 5 4 4 4 3 2 3 3 3 
5 5 5 5 4 4 5 5 5 5 5 5 5 5 5 5 4 4 3 4 4 5 5 5 5 5 5 5 5 4 3 3 4 4 4 4 4 3 3 3 3 4 4 3 2 3 3 4 4 3 2 1 1 1 2 2 2 3 4 4 5 5 6 7 7 7 7 7 7 6 1 1 1 1 1 0 0 0 0 1 1 1 2 3 0 0 1 1 1 1 2 4 5 5 6 6 5 4 3 3 3 3 3 3 3 2 2 2 3 3 3 4 4 4 4 4 4 4 4 4 4 4 4 4 4 4 4 4 4 4 4 3 3 3 4 5 5 4 3 3 4 4 4 3 3 3 2 2 3 3 
5 5 5 5 5 5 5 6 5 5 5 5 5 5 5 5 4 4 4 4 5 5 5 5 5 5 5 5 5 4 4 4 4 5 5 5 4 4 3 2 3 4 4 3 3 3 4 4 4 3 2 1 1 1 1 2 2 3 3 4 5 5 6 7 7 7 7 7 7 7 1 0 0 1 1 1 1 1 1 1 1 1 2 1 0 0 1 1 1 2 2 4 5 6 6 6 5 4 3 3 4 2 5 4 3 3 3 2 3 2 2 3 4 5 5 5 5 4 4 4 4 4 3 3 4 4 4 4 3 3 4 3 3 4 4 4 5 4 4 3 4 3 3 4 3 3 3 3 3 3 
5 6 6 5 5 5 5 6 5 5 5 4 5 5 5 5 4 4 4 5 5 5 5 5 5 4 5 5 4 4 4 5 5 5 5 4 4 4 3 2 3 4 4 3 3 3 4 4 3 3 2 1 1 1 1 2 2 3 3 4 4 5 6 7 7 7 7 7 7 7 1 0 0 0 0 1 1 1 1 1 1 2 2 0 0 0 0 1 1 2 3 4 5 6 6 6 5 4 4 4 3 5 5 5 4 4 3 2 2 0 2 3 5 5 5 5 5 4 4 4 3 4 3 3 3 4 5 4 3 3 3 3 4 4 5 4 4 5 5 4 3 3 4 4 3 3 3 4 3 2 
5 6 6 5 5 5 5 5 5 3 3 3 4 5 5 5 4 4 5 5 5 5 5 5 5 4 4 5 4 3 4 5 5 5 4 4 4 4 3 2 3 3 3 3 2 3 3 3 3 3 2 1 1 1 1 2 2 3 3 4 5 6 6 7 7 7 7 7 7 7 2 0 0 0 0 0 0 0 1 0 1 2 1 0 0 0 1 1 1 2 3 4 5 6 6 6 4 4 3 3 2 4 4 5 5 6 5 3 2 0 2 4 5 5 5 5 5 3 3 3 3 3 3 2 3 4 4 4 3 2 3 3 4 5 5 5 2 4 5 3 2 3 4 3 4 3 4 5 3 2 
5 6 6 5 5 4 5 5 5 3 2 3 5 5 5 5 5 4 5 5 4 4 3 5 5 4 3 4 4 3 4 4 5 3 3 3 4 3 2 2 2 3 3 2 2 2 2 3 3 3 2 1 1 1 1 2 3 3 4 4 5 6 7 7 7 7 7 7 7 7 4 0 0 0 0 0 0 1 1 0 2 1 0 1 0 0 1 1 2 2 3 3 5 6 6 5 2 3 3 2 2 3 4 5 6 6 5 3 2 1 3 5 4 5 5 5 4 3 2 3 3 3 2 2 3 4 3 4 2 2 3 2 4 6 6 5 2 3 4 3 2 4 4 5 4 3 3 5 3 3 
4 5 6 5 5 4 4 4 4 4 4 5 5 5 5 5 5 4 4 5 4 4 3 4 5 5 3 3 4 3 3 4 5 3 3 4 4 2 2 2 2 3 3 2 1 1 2 2 3 2 2 1 1 1 1 2 3 3 3 4 5 6 7 7 7 7 7 7 7 7 7 1 0 0 0 1 1 2 2 2 2 1 0 1 1 1 1 1 2 2 3 2 5 6 6 5 2 3 3 2 4 4 4 4 6 6 4 3 2 3 3 5 3 4 4 4 3 3 3 4 3 2 3 3 2 4 3 4 2 2 3 3 4 6 6 5 1 2 3 3 2 4 4 5 4 3 3 5 4 4 
2 5 6 6 5 5 3 3 4 5 5 5 5 5 5 5 3 3 3 4 4 4 3 4 3 4 3 3 3 2 2 4 4 3 3 4 3 2 2 2 2 3 3 2 1 1 1 1 2 1 1 1 1 1 1 2 2 2 3 4 5 6 7 7 7 7 7 7 7 7 7 5 3 2 4 3 4 4 2 2 2 1 0 1 1 2 1 1 2 2 3 2 2 3 4 5 2 4 3 4 4 3 3 5 6 6 4 3 1 4 3 4 3 4 3 4 3 3 2 3 3 2 2 4 2 4 3 4 3 3 2 3 4 4 6 3 1 2 3 3 2 3 3 4 3 4 3 5 4 4 
3 5 5 5 5 5 3 2 4 4 5 5 5 4 5 4 3 2 2 3 4 4 3 4 4 4 3 2 3 2 1 2 4 2 3 3 2 3 2 2 1 2 2 1 1 1 1 0 0 0 0 1 0 0 1 1 2 2 3 4 5 6 7 7 7 7 7 7 7 7 7 5 4 4 3 2 3 3 2 3 2 1 1 1 2 3 3 3 2 2 3 2 0 0 2 3 2 4 4 5 4 3 3 4 5 5 5 3 2 5 3 4 3 4 3 3 4 2 2 2 3 2 2 4 2 2 3 3 3 3 2 3 6 4 4 3 3 3 3 2 2 3 3 3 3 4 4 4 5 4 
4 4 4 4 4 4 3 2 3 5 5 5 4 4 5 3 3 2 2 2 4 2 1 2 4 4 3 1 2 1 1 1 3 2 2 1 2 3 1 1 1 1 1 1 1 1 1 1 0 0 0 0 0 0 1 0 2 2 3 4 5 6 7 7 7 7 7 7 7 7 7 5 3 2 2 2 2 2 2 3 2 2 1 2 3 3 3 4 4 1 2 2 2 1 2 3 2 3 6 5 5 3 3 5 3 1 3 1 3 6 4 3 4 2 4 4 3 3 3 4 4 2 2 2 3 2 4 3 3 2 4 4 4 4 4 1 3 3 3 2 2 4 3 2 1 3 5 3 4 3 
3 3 3 3 3 2 4 4 2 3 5 6 5 4 5 3 3 1 2 3 3 1 2 2 4 3 3 3 2 1 1 1 2 2 1 1 2 2 1 1 1 1 1 1 1 1 1 1 1 0 0 0 0 1 1 0 2 2 3 4 5 6 7 7 7 7 7 7 7 7 7 5 3 2 2 2 2 1 1 1 2 2 2 3 3 3 3 4 3 2 2 2 2 2 2 3 2 2 4 5 3 4 3 4 2 1 3 1 2 5 5 3 5 2 3 6 5 3 3 5 5 4 4 3 4 4 4 4 3 3 4 3 2 2 5 2 3 2 2 2 2 3 2 1 2 4 5 4 4 3 
3 2 3 3 3 2 3 4 2 3 5 5 4 3 4 3 4 2 1 4 2 2 2 3 3 3 3 4 2 2 2 1 4 2 1 1 1 1 1 1 1 1 1 1 1 1 1 2 1 0 0 1 1 1 0 0 1 2 3 5 6 6 7 7 7 7 7 7 7 6 7 5 3 2 2 1 2 1 1 1 2 2 2 2 5 2 1 4 1 3 2 3 2 2 3 2 2 4 3 3 2 5 4 3 4 2 2 3 2 4 4 4 2 3 4 4 4 2 3 3 5 5 5 4 4 3 5 4 4 4 5 4 3 2 5 2 2 1 2 2 2 3 2 1 2 4 4 4 4 3 
2 2 2 3 2 3 4 2 4 3 5 5 3 3 3 2 4 3 3 3 3 3 3 2 4 3 3 3 2 2 2 2 3 3 2 1 2 1 2 1 1 0 0 1 1 1 1 2 2 1 1 1 1 1 0 0 1 3 4 5 6 6 6 6 6 6 6 6 6 5 5 3 2 3 3 1 1 1 1 2 3 2 2 2 3 2 1 2 2 4 4 5 3 3 3 4 4 4 5 4 3 3 4 5 4 3 2 3 3 5 4 3 2 3 3 3 3 3 4 5 4 6 5 4 5 4 4 5 4 4 4 3 3 3 5 4 1 1 2 2 3 4 2 2 3 4 5 4 3 4 
3 3 3 3 2 2 5 4 5 3 5 4 3 4 3 3 5 4 4 4 4 4 5 5 4 5 5 3 3 3 4 5 3 4 2 1 2 2 1 1 1 0 1 1 2 1 1 3 2 3 1 1 1 0 0 1 2 3 4 6 6 6 6 6 5 5 5 5 6 4 3 2 3 4 3 1 2 1 1 2 3 3 3 2 2 3 2 2 2 5 5 5 3 4 2 3 4 5 4 5 3 2 2 3 4 3 3 2 4 5 6 5 3 4 4 2 3 4 5 5 5 5 5 5 4 3 4 4 5 4 4 4 4 5 4 3 3 2 3 4 5 4 3 4 4 5 4 3 3 4 
3 2 2 2 2 2 5 5 3 4 3 4 4 4 3 4 4 4 3 5 3 4 5 3 4 5 4 4 5 5 3 4 5 4 2 1 2 3 2 1 1 2 3 1 1 2 1 2 2 2 2 1 1 1 0 2 3 4 5 6 6 4 5 4 4 3 4 5 5 4 3 3 3 3 3 2 2 2 2 2 3 4 3 2 2 3 3 2 2 5 5 4 3 3 3 3 4 4 4 4 2 2 2 3 3 3 2 3 3 5 5 5 4 5 4 3 3 4 4 5 4 5 5 5 3 2 3 5 5 4 5 5 4 4 5 3 4 3 3 5 5 4 3 4 4 4 4 4 4 4 
1 1 2 2 5 2 4 4 4 3 3 3 3 3 4 4 3 3 2 3 3 4 4 4 5 5 5 5 5 4 4 4 4 4 3 3 4 4 3 2 2 3 5 3 3 4 3 3 2 3 3 3 2 2 1 4 4 5 6 5 5 4 3 4 3 3 3 4 5 3 3 3 4 4 4 4 3 3 3 3 3 3 3 2 3 3 3 4 3 5 4 4 3 3 3 3 4 5 4 4 2 2 2 3 3 3 3 4 4 4 4 5 4 3 3 4 3 4 4 5 4 5 6 5 4 3 3 4 4 4 5 5 5 5 5 4 4 3 3 4 5 5 5 4 4 4 4 4 5 5 
1 4 4 3 4 3 4 3 3 3 3 3 3 3 3 3 2 2 2 2 3 4 4 5 4 4 5 4 4 4 3 3 3 4 5 5 5 5 4 3 3 5 5 4 3 4 3 3 3 4 5 4 3 3 3 4 3 4 5 5 4 4 4 4 3 3 3 4 4 4 3 4 4 3 3 3 3 3 3 3 3 3 3 2 2 3 4 5 5 5 4 3 3 3 2 2 3 5 4 3 3 3 3 4 3 4 4 4 4 4 3 4 3 3 4 4 4 4 4 4 4 5 5 5 4 3 3 3 4 4 5 5 5 5 5 5 4 3 3 4 4 5 5 4 3 3 4 4 4 4 
2 4 4 4 4 3 3 3 3 3 3 3 3 3 2 2 2 2 2 2 3 4 4 5 5 4 4 3 3 2 2 3 3 4 6 5 5 4 3 3 4 5 5 4 4 3 3 4 4 5 5 5 4 3 3 3 3 4 4 4 3 3 4 3 2 3 3 4 5 4 3 3 3 2 2 2 2 3 3 3 2 2 2 2 2 2 4 5 5 4 4 3 3 3 3 3 3 4 4 3 3 3 4 4 4 4 4 4 4 3 3 3 3 3 4 4 4 4 4 4 4 4 4 4 4 3 3 3 3 4 5 5 5 5 5 5 4 3 3 4 4 5 5 4 3 2 3 4 4 3 
2 2 2 3 4 4 4 3 3 2 2 3 3 3 2 2 1 2 2 2 3 4 4 5 5 4 4 3 2 2 3 3 4 4 4 4 4 3 3 3 4 4 4 4 3 3 3 4 4 4 4 4 4 4 3 3 3 4 4 3 3 3 3 2 3 3 3 4 4 3 2 3 2 2 2 2 3 3 3 2 2 2 2 2 2 2 3 4 4 3 3 3 3 3 3 3 4 4 3 3 3 3 4 4 4 4 4 3 3 3 3 3 3 3 3 4 4 4 4 3 3 3 3 3 3 3 3 3 3 4 4 5 5 4 4 4 4 3 3 4 4 4 4 4 3 3 3 3 3 3 
2 2 2 3 4 4 4 3 3 2 2 3 2 2 2 2 1 1 2 2 2 3 4 4 4 4 3 3 2 3 3 4 4 4 4 4 3 3 3 3 3 3 3 3 3 3 3 4 4 3 3 3 3 4 3 4 4 4 4 3 2 2 2 2 3 3 3 3 3 3 2 2 2 2 2 2 2 3 3 2 2 2 2 2 2 3 3 3 3 3 3 3 3 3 3 3 4 4 3 3 3 4 4 4 4 4 3 3 3 2 2 2 3 3 3 4 4 4 3 3 3 3 3 3 3 3 3 3 4 4 4 4 4 4 4 4 4 4 3 3 3 3 3 4 3 3 3 3 3 3 
3 2 2 3 4 5 4 4 3 2 2 2 2 2 2 1 1 1 2 2 3 3 3 4 4 4 4 3 2 3 4 4 4 4 4 4 4 3 3 3 3 3 3 3 3 3 3 4 3 3 3 3 3 3 4 4 4 4 4 3 2 2 2 2 2 3 3 3 3 3 2 2 2 2 2 2 2 2 2 2 2 2 2 2 2 3 3 3 3 3 3 3 3 3 3 3 3 3 3 3 3 4 4 4 4 3 3 3 3 3 3 2 2 3 3 4 4 4 4 4 3 3 2 2 3 3 3 3 4 4 5 4 4 4 4 4 4 3 3 3 3 3 3 3 3 3 3 3 3 3 
3 2 2 3 4 5 4 3 2 2 2 2 2 2 2 2 2 2 3 3 3 3 3 3 4 4 3 3 3 4 4 4 4 4 3 4 4 4 4 3 3 3 3 3 3 3 3 3 3 2 2 2 3 3 3 4 4 3 3 3 2 2 2 2 2 3 3 3 3 3 3 2 2 2 2 2 2 2 3 2 2 2 2 2 3 3 3 3 3 4 3 3 3 3 3 3 3 3 2 3 3 3 3 3 3 3 3 3 3 3 3 3 3 3 4 4 4 4 4 3 3 3 2 2 2 3 3 4 4 5 5 4 4 4 4 4 3 3 3 3 3 3 3 3 3 3 3 3 3 3 
2 2 3 4 4 5 4 3 3 2 2 2 2 2 2 2 2 3 4 4 3 3 3 3 4 4 3 3 3 4 4 4 3 3 3 3 4 4 4 3 3 3 3 3 3 3 3 3 2 2 2 2 2 2 3 3 4 3 3 3 3 3 3 2 2 2 3 3 3 3 2 2 2 2 2 2 2 2 2 2 3 3 2 2 3 3 3 3 3 3 3 3 3 3 3 3 2 2 2 3 3 3 3 3 3 2 2 3 3 3 3 3 3 3 4 4 4 5 4 4 3 2 2 2 2 2 3 3 4 4 4 4 4 4 4 4 3 3 3 3 3 3 3 3 3 3 3 3 3 3 
2 3 3 4 4 4 3 3 2 2 2 2 2 2 3 3 3 4 4 4 3 3 3 3 4 4 4 4 4 4 4 4 3 3 3 3 3 4 4 3 3 3 3 3 3 3 3 2 2 2 2 2 2 2 3 3 3 3 3 3 3 3 3 3 2 2 2 2 3 3 2 2 2 2 2 2 2 2 2 2 3 3 2 2 2 2 3 3 3 3 3 3 3 3 2 2 2 3 3 3 3 3 3 3 3 2 2 3 3 3 3 4 4 4 4 5 5 5 4 4 3 2 2 2 2 2 2 2 3 3 4 4 4 4 4 3 3 3 3 3 3 4 3 3 3 3 3 3 3 3 
3 3 3 4 4 3 3 2 2 2 2 2 2 2 3 3 3 4 4 4 3 3 3 3 3 4 4 4 4 4 4 4 3 3 3 3 3 3 3 3 3 3 3 3 3 3 2 2 2 2 2 2 2 2 3 3 3 3 3 3 3 4 3 3 2 2 2 2 2 2 2 2 2 2 2 2 2 2 2 2 2 2 2 2 2 2 3 3 3 3 3 3 3 3 3 3 3 3 3 3 3 3 3 3 2 2 2 3 3 3 4 4 4 4 4 5 5 4 4 4 3 2 2 2 2 2 2 2 2 3 3 3 3 3 3 3 3 3 3 3 4 4 4 4 3 3 3 3 3 3 
3 3 3 3 3 3 2 2 2 2 2 2 2 3 3 3 3 4 4 4 3 3 3 3 3 3 3 4 4 4 4 4 3 3 3 3 3 3 3 3 3 3 3 3 3 3 3 2 2 2 2 2 2 2 3 3 3 3 3 3 3 3 3 3 2 2 2 2 2 2 2 2 2 2 2 2 2 2 2 2 2 2 1 2 2 2 2 3 3 3 3 3 2 3 3 3 3 3 3 3 3 3 3 3 2 2 2 2 3 3 4 4 4 5 5 5 4 4 4 3 3 2 2 2 2 2 2 2 2 2 2 3 3 3 3 3 3 3 3 4 4 4 4 4 3 3 3 3 3 4 
3 3 3 3 3 3 2 2 2 2 1 2 2 2 3 3 3 4 4 3 3 3 3 3 3 3 3 3 4 4 4 4 3 3 3 3 4 4 4 3 3 3 3 3 2 2 2 2 2 2 2 2 2 3 3 3 3 3 3 3 3 3 3 2 2 2 2 2 2 2 2 2 2 2 2 2 2 2 2 2 2 1 1 1 2 2 2 3 3 3 3 3 2 3 3 3 3 3 3 3 3 3 3 3 2 2 2 2 3 3 4 4 4 4 4 4 4 4 3 3 2 2 2 2 2 2 2 2 2 2 2 3 3 3 3 3 3 3 3 4 4 4 4 4 3 3 3 3 3 4 
